16.0
105.0
16.0
10.5
15.0
18.0
200.0
54.0
13.5
15.0
20.0
10.5
255.0
30.0
93.0
12.0
22.5
7.5
13.5
54.0
77.0
20.0
42.0
67.5
4.5
16.0
14.0
684.0
1116.0
12.0
320.0
45.0
10.5
33.0
15.0
132.0
12.5
10.5
45.5
15.0
20.0
340.0
192.0
24.0
17.5
264.0
25.0
94.5
54.0
360.0
12.5
18.0
147.0
13.5
9.0
31.5
7.5
7.5
328.5
7.5
24.0
35.0
164.0
10.0
472.5
18.0
10.5
12.0
84.0
168.0
234.0
21.0
15.0
18.0
15.0
7.5
64.0
10.5
15.0
40.5
28.0
49.0
10.0
216.0
12.0
52.0
21.0
10.5
105.0
54.0
45.0
6.0
10.0
6.0
15.0
115.5
15.0
16.0
12.5
20.0
9.0
168.0
52.0
42.0
54.0
18.0
15.0
72.0
94.5
24.0
348.0
3.0
10.5
28.0
7.5
7.5
7.5
14.0
108.5
15.0
36.0
4.5
22.5
132.0
20.0
9.0
15.0
222.0
14.0
25.0
30.0
13.5
103.5
4.0
245.0
266.0
105.0
10.5
156.0
20.0
84.0
1379.0
92.0
45.5
84.0
45.0
8.0
10.0
122.5
6.0
76.5
248.0
96.0
40.5
437.5
12.0
10.0
15.0
13.5
40.0
10.5
58.5
72.0
133.0
87.0
35.0
25.0
49.0
38.5
24.0
7.5
10.5
10.5
15.0
12.0
8.0
24.0
67.5
580.5
9.0
10.5
63.0
10.5
31.5
7.0
14.0
35.0
12.0
245.0
10.5
17.5
14.0
70.0
240.0
17.5
12.0
25.0
45.5
20.0
36.0
3.0
7.5
31.5
48.0
40.0
1192.0
16.0
68.0
25.0
15.0
20.0
10.0
116.0
136.0
20.0
12.0
16.0
30.0
12.0
38.5
10.5
20.0
17.5
7.5
28.0
80.5
10.5
13.5
35.0
4.5
10.0
13.5
13.5
16.0
44.0
9.0
899.5
67.5
12.0
141.0
24.5
21.0
10.5
16.0
236.0
44.0
24.0
7.5
75.0
15.0
10.5
445.5
108.5
31.5
16.0
198.0
32.0
7.5
12.0
28.0
10.0
20.0
33.0
5.0
33.0
1232.0
73.5
10.5
10.5
4.5
28.0
36.0
164.0
13.5
7.5
1296.0
15.0
18.0
20.0
353.5
60.0
13.5
63.0
198.0
10.5
4.0
9.0
84.0
21.0
101.5
15.0
91.0
15.0
6.0
7.5
12.0
12.0
18.0
322.0
18.0
15.0
27.0
39.0
28.0
15.0
8.0
20.0
216.0
28.0
24.0
25.0
211.5
15.0
24.0
204.0
17.5
20.0
68.0
45.0
15.0
8.0
12.0
126.0
65.0
27.0
63.0
96.0
28.0
16.0
6.0
21.0
14.0
15.0
88.0
112.5
27.0
344.0
3.0
21.0
126.0
12.0
20.0
14.0
45.0
28.0
7.5
17.5
31.5
182.0
58.5
59.5
20.0
27.0
224.0
66.5
100.0
35.0
52.0
15.0
4.5
14.0
15.0
24.0
117.0
12.0
13.5
12.0
36.0
35.0
15.0
73.5
24.0
7.0
103.5
147.0
20.0
105.0
15.0
16.0
31.5
24.5
24.5
36.0
18.0
15.0
13.5
9.0
36.0
175.0
24.0
101.5
96.0
177.0
18.0
32.0
321.0
572.0
81.0
13.5
392.0
10.5
30.0
40.0
36.0
13.5
14.0
28.0
105.0
700.0
112.5
33.0
35.0
135.0
15.0
18.0
12.0
24.0
9.0
16.0
15.0
7.5
6.0
40.0
80.0
234.5
12.5
12.0
16.0
73.5
10.5
18.0
20.0
10.5
40.0
100.0
392.0
10.5
160.0
16.0
13.5
14.0
14.0
643.5
12.0
30.0
309.0
10.0
152.0
7.5
1124.0
38.5
91.0
4.0
10.0
115.5
10.5
13.5
12.0
15.0
48.0
12.0
8.0
521.5
5.0
31.5
16.0
73.5
15.0
166.5
12.0
10.5
112.0
42.0
14.0
20.0
124.0
355.5
16.0
144.0
25.0
304.5
76.0
5.0
25.0
12.0
42.0
28.0
13.5
54.0
39.0
16.0
10.5
52.0
63.0
12.5
5.0
8.0
88.0
94.5
294.0
892.0
12.0
24.5
91.0
10.5
15.0
21.0
84.0
10.5
27.0
35.0
8.0
20.0
10.5
24.0
130.5
7.5
10.5
20.0
100.0
12.0
45.5
10.5
9.0
24.0
45.5
48.0
47.5
16.0
150.0
12.0
18.0
104.0
15.0
16.0
36.0
36.0
210.0
85.5
10.5
16.0
35.0
27.5
13.5
20.0
84.0
6.0
2448.0
297.5
54.0
192.0
90.0
40.0
7.5
15.0
27.0
13.5
10.5
10.0
8.0
15.0
77.0
15.0
44.0
15.0
28.0
185.0
8.0
120.0
202.5
30.0
13.5
14.0
65.0
30.0
4.0
8.0
24.5
12.0
180.0
12.5
58.5
192.5
24.0
30.0
171.5
65.0
126.0
20.0
3.0
10.0
21.0
136.0
7.5
16.0
21.0
140.0
18.0
72.0
30.0
9.0
63.0
132.0
12.5
15.0
40.0
14.0
9.0
63.0
848.0
18.0
10.5
290.5
28.0
14.0
57.0
340.0
10.0
283.5
27.0
202.5
32.5
12.0
616.0
14.0
15.0
70.0
33.0
28.0
13.5
306.0
128.0
21.0
15.0
12.0
15.0
8.0
27.0
10.5
14.0
40.0
24.5
15.0
66.5
18.0
30.0
288.0
5.0
17.5
36.0
348.0
270.0
12.0
357.0
17.5
14.0
36.0
92.0
13.5
25.0
24.0
21.0
10.5
32.0
177.0
45.0
14.0
16.0
18.0
16.0
68.0
8.0
15.0
10.5
40.0
12.0
7.5
80.5
21.0
8.0
22.5
7.5
385.0
12.0
63.0
81.0
21.0
4.5
13.5
9.0
8.0
12.0
10.5
15.0
10.0
65.0
20.0
14.0
25.0
7.5
10.5
7.5
6.0
88.0
51.0
136.0
51.0
10.5
20.0
13.5
10.0
10.5
31.5
15.0
16.0
8.0
24.5
20.0
27.0
269.5
49.5
104.0
1028.0
25.0
12.0
18.0
30.0
15.0
10.0
22.0
18.0
15.0
24.0
17.5
157.5
15.0
192.0
18.0
60.0
13.5
479.5
18.0
30.0
25.0
20.0
15.0
24.0
18.0
60.0
9.0
236.0
8.0
13.5
105.0
154.0
8.0
21.0
105.0
15.0
12.0
10.5
90.0
14.0
540.0
18.0
40.0
4.0
17.5
10.5
188.0
15.0
27.5
63.0
20.0
2.5
16.0
112.0
112.0
10.5
769.5
15.0
24.0
9.0
18.0
176.0
4.0
15.0
20.0
16.0
32.0
18.0
6.0
9.0
140.0
15.0
15.0
15.0
84.0
486.5
18.0
15.0
12.0
40.0
15.0
18.0
44.0
10.0
320.0
35.0
15.0
60.0
10.5
5.0
10.5
24.5
66.5
18.0
14.0
126.0
85.5
228.0
108.5
16.0
5.0
315.0
66.5
90.0
21.0
4.5
20.0
50.0
13.5
13.5
52.0
63.0
13.5
40.5
30.0
21.0
5.0
5.0
59.5
22.5
20.0
108.0
108.5
15.0
28.0
15.0
10.5
168.0
20.0
13.5
6.0
276.5
12.0
17.5
18.0
15.0
32.0
13.5
12.0
15.0
33.0
18.0
20.0
38.5
10.5
42.0
16.0
5.0
20.0
56.0
15.0
10.5
7.5
130.0
40.0
1456.0
30.0
59.5
54.0
72.0
9.0
47.5
25.0
20.0
28.0
78.0
48.0
13.5
16.0
13.5
14.0
360.0
28.0
96.0
12.0
12.0
12.0
27.0
27.0
264.0
30.0
21.0
24.5
272.0
7.5
92.0
9.0
10.5
7.5
8.0
72.0
9.0
12.0
12.0
10.0
12.0
10.0
94.5
20.0
18.0
36.0
6.0
36.0
21.0
32.0
15.0
6.0
297.5
28.0
318.5
15.0
20.0
64.0
9.0
17.5
20.0
12.5
312.0
60.0
10.5
4.5
21.0
90.0
637.0
24.0
6.0
84.0
63.0
30.0
20.0
148.5
171.5
21.0
10.0
17.5
12.0
22.5
7.0
28.0
7.0
27.0
10.5
13.5
20.0
6.0
9.0
16.0
73.5
159.0
15.0
15.0
40.0
13.5
14.0
15.0
27.0
7.5
598.5
63.0
36.0
7.5
22.5
40.0
32.0
10.5
5.0
32.0
4.5
28.0
45.5
9.0
16.0
24.0
10.5
20.0
60.0
17.5
20.0
6.0
16.0
21.0
9.0
10.5
5.0
70.0
63.0
16.0
38.5
15.0
4.5
7.5
28.0
18.0
49.0
63.0
264.0
122.5
12.5
144.0
10.5
33.0
59.5
126.0
16.0
21.0
70.0
4.5
49.0
49.0
136.5
15.0
15.0
6.0
100.0
17.5
85.0
105.0
15.0
9.0
85.0
18.0
10.5
12.5
15.0
92.0
36.0
57.0
7.5
13.5
9.0
31.5
21.0
6.0
16.0
13.5
17.5
40.0
49.5
31.5
12.0
15.0
27.0
96.0
32.5
14.0
12.0
18.0
80.0
13.5
28.0
80.0
40.0
12.0
10.0
12.0
45.5
3.0
28.0
27.0
67.5
18.0
132.0
20.0
10.5
57.0
13.5
98.0
35.0
13.5
36.0
10.5
45.0
196.0
36.0
16.0
12.5
6.0
28.0
38.5
64.0
661.5
90.0
12.0
87.5
15.0
24.0
10.5
33.0
108.0
12.0
9.0
25.0
13.5
10.5
27.0
20.0
18.0
391.5
228.0
18.0
12.5
234.0
28.0
10.0
52.0
492.0
20.0
198.0
15.0
27.5
24.0
20.0
64.0
8.0
10.5
60.0
17.5
20.0
10.5
22.5
24.0
58.5
119.0
10.5
15.0
20.0
14.0
4.5
25.0
4.5
10.0
427.0
596.0
18.0
12.0
60.0
9.0
18.0
6.0
24.0
17.5
224.0
152.0
45.0
12.0
135.0
182.0
413.0
20.0
12.0
72.0
4.5
168.0
759.5
40.0
12.0
9.0
70.0
40.5
20.0
9.0
27.0
4.5
373.5
171.0
255.5
31.5
7.5
656.0
13.5
129.5
22.5
147.0
28.0
49.5
7.5
40.0
855.0
24.0
4.5
13.5
15.0
13.5
140.0
40.0
4.0
112.0
185.5
580.0
39.0
66.5
15.0
7.5
143.5
18.0
13.5
7.5
101.5
301.0
25.0
40.0
12.0
15.0
55.0
171.5
120.0
35.0
10.5
28.0
20.0
9.0
6.0
70.0
12.0
236.0
16.0
259.0
556.5
28.0
175.0
12.0
476.0
76.0
87.5
24.5
35.0
98.0
10.5
73.5
7.5
10.5
38.5
45.0
28.0
7.5
16.0
20.0
15.0
14.0
31.5
204.0
31.5
12.0
8.0
40.5
21.0
15.0
54.0
12.0
20.0
472.5
24.5
10.5
28.0
10.5
14.0
15.0
28.0
13.5
18.0
35.0
20.0
259.0
744.0
154.0
20.0
14.0
42.0
15.0
4.0
16.0
8.0
15.0
13.5
100.0
8.0
44.0
80.0
20.0
14.0
20.0
84.0
57.0
44.0
20.0
31.5
45.5
7.5
276.0
1390.5
14.0
140.0
60.0
101.5
84.0
10.0
31.5
152.0
4.5
16.0
31.5
36.0
15.0
12.0
7.5
619.5
15.0
31.5
31.5
64.0
17.5
59.5
8.0
76.5
50.0
10.5
10.5
7.0
20.0
10.0
15.0
24.0
48.0
10.5
36.0
31.5
270.0
94.5
24.5
20.0
15.0
28.0
136.0
20.0
10.5
18.0
4.5
30.0
760.5
57.0
28.0
15.0
20.0
10.0
32.0
27.5
14.0
21.0
50.0
12.0
13.5
33.0
20.0
45.0
84.0
100.0
18.0
15.0
13.5
20.0
5.0
371.0
40.0
44.0
12.0
25.0
13.5
35.0
14.0
388.0
21.0
17.5
12.0
45.0
15.0
7.0
18.0
10.5
24.0
27.0
171.5
15.0
18.0
5.0
114.0
140.0
148.5
268.0
49.5
14.0
328.5
10.5
3.0
12.0
10.0
346.5
10.5
24.0
224.0
20.0
8.0
9.0
70.0
24.5
6.0
10.0
164.0
6.0
985.5
72.0
84.0
76.5
4.5
17.5
14.0
20.0
480.0
312.0
24.5
48.0
8.0
20.0
22.5
24.0
17.5
27.0
17.5
49.0
20.0
12.0
27.0
180.0
224.0
10.5
122.5
4.0
14.0
81.0
20.0
54.0
66.0
25.0
16.0
88.0
20.0
27.0
16.0
372.0
31.5
7.0
16.0
12.0
20.0
60.0
36.0
12.0
180.0
40.5
15.0
7.0
141.0
57.0
20.0
18.0
30.0
12.0
101.5
15.0
512.0
13.5
32.5
6.0
14.0
8.0
462.0
20.0
13.5
7.0
10.5
72.0
68.0
32.0
154.0
8.0
108.0
14.0
31.5
9.0
45.0
472.0
196.0
40.0
18.0
6.0
297.5
16.0
13.5
49.5
63.0
16.0
116.0
14.0
162.0
12.0
54.0
246.0
17.5
16.0
15.0
10.0
22.5
30.0
14.0
1025.5
14.0
304.5
25.0
21.0
10.5
13.5
10.5
25.0
103.5
171.5
20.0
18.0
8.0
13.5
24.5
27.0
60.0
12.0
49.5
17.5
7.5
5.0
12.0
25.0
7.0
4.5
15.0
108.0
12.0
184.0
7.0
3.0
9.0
12.0
16.0
256.0
10.5
15.0
16.0
8.0
535.5
13.5
14.0
10.5
9.0
280.0
18.0
108.5
10.5
5.0
260.0
27.0
9.0
40.0
10.5
21.0
180.0
114.0
10.5
10.0
45.5
1138.5
73.5
108.0
3.0
17.5
18.0
16.0
15.0
312.0
9.0
27.0
9.0
70.0
15.0
9.0
35.0
76.0
20.0
7.0
15.0
16.0
13.5
22.5
28.0
13.5
15.0
15.0
12.0
12.0
36.0
10.5
304.0
15.0
6.0
189.0
148.5
20.0
36.0
35.0
236.0
44.0
148.0
21.0
28.0
1096.0
13.5
73.5
123.0
388.5
10.5
28.0
18.0
12.0
20.0
10.5
5.0
273.0
13.5
24.0
72.0
22.5
14.0
20.0
25.0
33.0
58.5
10.5
30.0
161.0
84.0
16.0
76.0
20.0
24.5
54.0
16.0
7.5
18.0
70.0
49.0
6.0
45.5
21.0
48.0
227.5
104.0
12.0
796.0
10.0
111.0
406.0
25.0
301.0
3.0
28.0
21.0
36.0
17.5
15.0
84.0
10.5
6.0
30.0
10.0
9.0
36.0
18.0
12.0
25.0
57.0
325.5
15.0
52.0
15.0
15.0
31.5
14.0
7.5
9.0
36.0
156.0
13.5
376.0
10.0
10.5
10.5
381.5
5.0
324.0
17.5
684.0
13.5
31.5
31.5
45.0
12.0
32.0
7.5
52.0
14.0
288.0
18.0
28.0
10.5
54.0
13.5
24.5
10.5
18.0
24.5
16.0
28.0
45.0
12.0
35.0
38.5
7.5
13.5
12.5
10.0
3123.0
31.5
20.0
319.5
40.5
351.0
12.0
7.0
14.0
45.0
12.0
24.5
77.0
48.0
20.0
21.0
72.0
39.0
9.0
16.0
40.5
10.5
20.0
147.0
108.0
30.0
6.0
21.0
15.0
20.0
408.0
15.0
24.0
25.0
18.0
40.5
28.0
42.0
15.0
10.5
7.5
3.0
144.0
96.0
9.0
9.0
85.5
436.0
240.0
12.0
280.0
128.0
24.0
20.0
52.0
32.0
147.0
55.0
90.0
247.5
21.0
9.0
76.5
22.5
9.0
16.0
13.5
76.5
7.5
15.0
63.0
27.0
12.5
108.0
21.0
24.0
98.0
10.5
20.0
88.0
20.0
20.0
27.0
136.5
480.0
20.0
4.5
24.0
3.0
15.0
12.0
10.5
12.0
9.0
9.0
40.0
8.0
67.5
562.5
13.5
15.0
9.0
13.5
21.0
265.5
184.0
101.5
7.5
82.5
16.0
21.0
15.0
20.0
133.0
94.5
48.0
31.5
132.0
22.5
10.5
14.0
7.5
30.0
31.5
30.0
9.0
7.0
108.5
15.0
10.0
16.0
9.0
172.0
40.0
10.0
10.5
12.0
120.0
7.5
76.0
10.5
13.5
24.0
45.0
36.0
60.0
130.0
13.5
52.5
16.0
68.0
36.0
27.0
3.0
30.0
12.0
139.5
10.5
28.0
344.0
60.0
15.0
101.5
7.5
73.5
9.0
16.0
28.0
80.0
16.0
32.0
36.0
22.5
28.0
12.5
20.0
184.5
279.0
868.5
6.0
63.0
30.0
1592.0
122.5
10.5
21.0
192.0
10.0
18.0
133.0
1449.0
140.0
60.0
18.0
24.5
17.5
35.0
64.0
12.0
31.5
10.5
72.0
3.0
24.0
22.5
88.0
32.0
14.0
10.5
73.5
18.0
13.5
560.0
12.0
21.0
15.0
96.0
12.5
49.5
60.0
124.0
6.0
17.5
45.0
73.5
30.0
112.0
126.0
10.5
35.0
16.0
6.0
15.0
25.0
128.0
12.0
10.5
589.5
24.5
15.0
25.0
528.5
9.0
20.0
24.0
9.0
10.5
28.0
172.0
13.5
168.0
12.0
16.0
80.5
52.5
141.0
63.0
10.5
12.5
35.0
8.0
40.0
15.0
7.5
56.0
4.0
68.0
15.0
3.5
6.0
38.5
42.0
24.0
24.0
4.5
14.0
15.0
99.0
7.5
20.0
12.0
308.0
10.5
35.0
17.5
619.5
28.0
48.0
15.0
5.0
15.0
15.0
80.0
108.0
15.0
28.0
18.0
592.0
7.0
5.0
16.0
180.0
154.0
12.5
15.0
25.0
9.0
12.0
88.0
10.5
328.0
28.0
30.0
15.0
42.5
10.0
6.0
42.0
7.5
52.0
12.0
7.5
10.5
45.0
52.5
4.0
5.0
126.0
35.0
18.0
45.0
20.0
249.0
10.5
9.0
50.0
9.0
220.0
21.0
176.0
6.0
12.0
240.0
35.0
15.0
24.0
12.0
96.0
27.0
45.5
4.0
49.5
49.5
16.0
20.0
9.0
13.5
10.0
14.0
12.0
20.0
15.0
12.0
9.0
24.0
10.5
21.0
24.5
28.0
15.0
17.5
639.0
6.0
121.5
17.5
112.0
5.0
288.0
84.0
7.5
49.5
68.0
7.5
24.5
20.0
21.0
54.0
48.0
14.0
116.0
16.0
160.0
15.0
24.5
7.5
56.0
28.0
15.0
18.0
50.0
25.0
17.5
32.0
21.0
101.5
24.5
12.0
18.0
16.0
236.0
31.5
32.0
9.0
143.5
8.0
31.5
10.5
15.0
3.0
20.0
31.5
54.0
21.0
428.0
310.5
20.0
24.0
27.0
66.5
269.5
7.0
20.0
16.0
20.0
20.0
7.5
15.0
15.0
16.0
12.0
14.0
108.0
37.5
10.0
52.5
10.0
27.0
332.0
15.0
4.0
15.0
10.5
10.5
7.5
100.0
12.0
25.0
3.0
73.5
12.0
24.0
651.0
55.0
7.5
152.0
24.5
45.0
17.5
25.0
20.0
15.0
24.5
3.0
15.0
49.5
16.0
9.0
70.0
10.5
16.0
28.0
15.0
30.0
912.0
81.0
105.0
20.0
73.5
128.0
7.5
27.0
7.0
40.0
21.0
140.0
531.0
12.0
24.0
20.0
12.5
12.0
481.5
10.5
192.0
45.0
49.0
103.5
7.5
5.0
7.5
14.0
16.0
44.0
9.0
4.5
6.0
168.0
18.0
333.0
12.5
30.0
140.0
24.0
32.0
22.5
13.5
17.5
24.0
31.5
13.5
180.0
25.0
30.0
12.0
7.5
24.0
12.0
12.0
80.0
6.0
20.0
16.0
17.5
1640.0
15.0
10.0
18.0
35.0
24.5
202.5
42.0
20.0
144.0
16.0
9.0
15.0
70.0
304.5
21.0
20.0
168.0
367.5
10.5
92.0
14.0
10.5
248.0
45.0
28.0
98.0
27.0
10.0
22.5
18.0
10.5
374.5
24.0
21.0
75.0
7.5
20.0
1156.0
44.0
9.0
28.0
824.0
93.0
15.0
9.0
476.0
4.5
48.0
31.5
183.0
112.0
8.0
17.5
9.0
15.0
32.0
13.5
45.0
16.0
17.5
10.5
24.0
6.0
7.0
12.0
6.0
22.5
12.5
1816.0
15.0
9.0
16.0
52.5
7.5
13.5
84.0
10.0
10.0
10.5
28.0
396.0
8.0
4.5
175.5
10.5
171.5
20.0
15.0
108.0
6.0
280.0
24.0
31.5
16.0
252.0
8.0
7.5
21.0
18.0
87.5
36.0
21.0
7.5
42.0
24.5
108.0
20.0
7.5
180.0
45.0
13.5
31.5
56.0
241.5
25.0
36.0
20.0
12.0
7.5
28.0
13.5
12.0
6.0
9.0
12.5
25.0
49.5
117.0
7.5
9.0
27.0
12.0
77.0
7.5
8.0
20.0
408.0
13.5
7.5
12.0
52.0
36.0
13.5
14.0
160.0
27.0
10.5
15.0
45.0
9.0
60.0
20.0
25.0
8.0
8.0
231.0
31.5
7.0
12.0
20.0
12.0
13.5
16.0
96.0
27.0
84.0
20.0
17.5
15.0
52.5
17.5
44.0
28.0
7.5
9.0
7.5
6.0
24.5
7.5
35.0
84.0
7.5
10.5
24.0
248.0
139.5
20.0
16.0
35.0
7.5
15.0
36.0
105.0
27.0
24.0
10.0
12.0
17.5
25.0
24.5
13.5
32.0
9.0
66.0
152.0
18.0
28.0
40.0
119.0
7.0
144.0
14.0
44.0
25.0
10.5
40.0
72.0
16.0
28.0
136.0
10.5
10.5
20.0
39.0
15.0
13.5
16.0
12.5
3.0
18.0
10.5
268.0
120.0
171.5
18.0
22.5
52.0
15.0
6.0
161.0
42.0
84.0
10.5
56.0
2488.5
224.0
45.0
20.0
17.5
524.0
390.0
123.0
15.0
52.0
17.5
9.0
8.0
27.0
66.5
280.0
16.0
213.0
224.0
14.0
748.0
15.0
9.0
42.0
66.5
18.0
9.0
4.5
10.5
7.5
28.0
15.0
58.5
35.0
20.0
112.0
18.0
31.5
40.5
684.0
13.5
12.0
44.0
448.0
32.0
9.0
13.5
130.5
42.5
7.5
72.0
15.0
248.0
8.0
8.0
84.0
60.0
64.0
49.0
63.0
4.0
22.5
35.0
10.0
143.5
36.0
20.0
36.0
17.5
10.5
252.5
10.5
17.5
60.0
7.5
8.0
10.0
7.0
85.5
84.0
20.0
44.0
20.0
66.5
31.5
12.0
10.5
3.0
12.0
10.5
144.0
4.5
10.0
10.5
7.5
31.5
13.5
18.0
1664.0
16.0
15.0
13.5
64.0
12.0
24.0
10.5
20.0
13.5
81.0
22.5
428.0
24.0
24.0
147.0
58.5
18.0
12.0
7.5
40.0
22.5
119.0
35.0
10.5
13.5
96.0
63.0
24.0
8.0
537.0
21.0
13.5
10.0
17.5
14.0
420.0
168.0
164.5
28.0
16.0
10.5
33.0
15.0
15.0
35.0
10.0
28.0
92.0
24.0
77.0
148.0
10.5
13.5
12.0
12.0
10.5
40.5
24.0
40.5
252.0
15.0
12.0
35.0
738.0
12.0
16.0
10.5
40.0
112.0
656.0
7.5
27.0
244.0
57.0
9.0
8.0
59.5
10.5
14.0
16.0
3.0
108.0
28.0
4.0
37.5
18.0
136.0
22.5
52.0
14.0
15.0
27.0
13.5
12.0
333.0
9.0
4.5
35.0
148.0
372.0
18.0
5.0
13.5
7.5
10.5
20.0
12.0
18.0
98.0
132.0
10.5
25.0
28.0
39.0
8.0
15.0
18.0
7.5
9.0
28.0
58.5
15.0
7.0
52.5
6.0
88.0
4.5
10.0
6.0
16.0
7.0
16.0
12.0
8.0
200.0
16.0
21.0
1868.0
9.0
72.0
248.0
7.0
20.0
210.0
12.0
20.0
24.5
18.0
10.0
4.5
30.0
52.0
27.5
12.0
10.5
6.0
24.0
10.0
68.0
10.0
21.0
16.0
12.0
420.0
773.5
220.0
32.0
9.0
14.0
52.0
15.0
12.0
70.0
30.0
10.0
20.0
10.5
35.0
24.5
14.0
255.5
27.0
10.5
120.0
72.0
10.5
12.0
8.0
60.0
4.5
80.0
16.0
9.0
224.0
9.0
24.5
20.0
260.0
12.0
63.0
262.5
288.0
22.5
13.5
12.0
10.5
27.0
18.0
25.0
165.0
5.0
16.0
15.0
8.0
126.0
94.5
78.0
20.0
112.0
4.5
17.5
28.0
16.5
9.0
297.5
42.5
73.5
24.0
12.0
15.0
27.0
210.0
12.0
31.5
6.0
152.0
45.0
9.0
572.0
36.0
284.0
105.0
4.0
12.0
27.0
15.0
25.0
140.0
1183.0
32.0
24.0
30.0
217.0
16.0
30.0
1212.0
10.5
13.5
12.0
20.0
15.0
31.5
1111.5
16.0
49.5
20.0
9.0
13.5
25.0
38.5
56.0
21.0
3.0
50.0
129.5
35.0
16.0
94.5
40.0
380.0
10.5
91.0
10.0
15.0
99.0
144.0
52.0
7.0
7.5
10.0
31.5
215.0
24.0
27.0
1292.0
7.5
25.0
13.5
8.0
63.0
15.0
164.0
56.0
10.5
13.5
10.0
234.5
77.0
150.5
103.5
9.0
220.0
10.5
100.0
15.0
25.0
10.5
10.0
18.0
6.0
14.0
98.0
20.0
21.0
427.0
24.5
16.0
7.5
189.0
10.5
96.0
20.0
15.0
49.5
45.0
20.0
16.0
16.0
357.0
20.0
49.5
234.5
328.0
63.0
72.0
10.0
7.0
15.0
10.5
2.0
5.0
10.0
9.0
12.0
72.0
25.0
13.5
28.0
22.5
18.0
24.0
13.5
7.0
63.0
101.5
45.0
15.0
136.5
16.0
94.5
319.5
12.0
16.0
244.0
51.0
12.0
30.0
52.5
16.0
7.5
12.0
24.0
15.0
25.0
21.0
108.0
15.0
10.5
10.5
45.0
228.0
52.0
58.5
57.0
6.0
48.0
161.0
4.5
612.0
16.0
12.0
306.0
12.0
15.0
101.5
24.0
17.5
35.0
12.0
24.0
10.5
12.0
132.0
14.0
31.5
40.0
6.0
18.0
5.0
192.0
12.0
164.0
12.0
66.5
7.5
7.5
371.0
13.5
133.0
87.0
28.0
24.0
7.0
10.0
70.0
351.0
64.0
10.5
15.0
3.0
38.5
44.0
30.0
24.0
9.0
18.0
184.0
35.0
31.5
17.5
184.0
16.0
49.5
756.0
65.0
10.0
68.0
56.0
30.0
12.0
13.5
6.0
144.0
10.0
10.5
77.0
66.5
21.0
395.5
20.0
10.5
144.0
84.0
17.5
20.0
9.0
31.5
49.5
343.0
13.5
15.0
32.0
10.5
20.0
10.5
40.0
27.0
78.0
10.5
217.0
996.0
76.0
7.5
10.5
136.0
15.0
9.0
45.0
130.5
332.0
497.0
36.0
15.0
1525.5
10.0
20.0
10.0
165.0
10.0
10.0
10.0
21.0
10.0
12.5
44.0
108.0
13.5
24.0
15.0
28.0
32.5
38.5
25.0
10.0
73.5
66.5
42.0
21.0
9.0
10.5
36.0
80.5
10.5
21.0
50.0
330.0
18.0
40.5
15.0
20.0
5.0
5.0
224.0
16.0
36.0
13.5
828.0
9.0
12.0
14.0
153.0
42.0
12.0
16.0
112.0
440.0
17.5
20.0
93.0
22.5
16.0
32.0
17.5
8.0
140.0
12.0
25.0
21.0
28.0
80.0
40.0
115.5
15.0
15.0
80.5
6.0
100.0
150.5
156.0
17.5
177.0
20.0
12.0
5.0
238.5
94.5
119.0
22.5
166.5
12.0
16.0
40.0
12.0
10.5
28.0
18.0
6.0
4.5
10.0
25.0
15.0
20.0
72.0
28.0
325.5
7.5
31.5
40.0
70.0
10.5
15.0
8.0
13.5
3.0
7.5
35.0
8.0
10.0
10.5
104.0
70.0
17.5
103.5
24.0
21.0
21.0
18.0
13.5
536.0
18.0
108.5
18.0
24.0
54.0
48.0
35.0
413.0
2028.0
20.0
32.5
15.0
13.5
12.0
4.5
20.0
12.0
51.0
14.0
30.0
20.0
40.5
32.0
96.0
16.0
20.0
92.0
10.0
57.0
48.0
31.5
27.0
38.5
13.5
56.0
24.5
160.0
70.0
1156.5
31.5
15.0
10.0
5.0
13.5
10.0
63.0
22.5
25.0
15.0
10.0
24.5
20.0
20.0
58.5
200.0
283.5
7.5
10.0
18.0
12.0
12.0
132.0
27.0
10.0
124.0
18.0
16.0
76.0
9.0
16.0
7.5
7.5
168.0
373.5
66.5
18.0
16.0
24.5
18.0
7.0
12.0
50.0
10.0
30.0
40.0
12.0
24.0
45.0
27.0
24.0
12.0
13.5
72.0
15.0
283.5
9.0
351.0
63.0
33.0
10.5
112.0
88.0
30.0
27.0
114.0
27.0
20.0
58.5
93.0
10.0
9.0
10.5
48.0
6.0
468.0
9.0
4.0
7.5
13.5
152.0
13.5
48.0
12.0
28.0
18.0
45.0
10.5
836.0
195.0
52.5
15.0
31.5
12.0
16.0
44.0
92.0
13.5
48.0
22.5
33.0
70.0
30.0
588.0
40.0
87.5
28.0
12.0
20.0
72.0
30.0
7.5
7.0
15.0
24.0
84.0
52.5
59.5
13.5
48.0
21.0
20.0
13.5
111.0
21.0
20.0
12.5
28.0
740.0
10.5
232.0
108.0
28.0
10.0
7.5
16.0
13.5
16.0
15.0
6.0
213.5
12.5
10.5
87.5
16.0
16.0
28.0
13.5
17.5
36.0
20.0
18.0
15.0
24.0
352.0
21.0
15.0
195.0
35.0
176.0
136.0
40.0
15.0
3.0
59.5
6.0
14.0
42.0
3.0
13.5
15.0
16.0
13.5
12.0
70.0
7.5
36.0
3.0
32.0
72.0
129.5
9.0
13.5
18.0
28.0
4.5
48.0
2.5
24.0
52.0
15.0
18.0
24.0
15.0
10.5
44.0
7.5
20.0
52.5
45.5
63.0
38.5
22.5
4.0
44.0
231.0
64.0
4.5
18.0
10.0
10.5
31.5
9.0
10.5
20.0
15.0
184.0
24.5
13.5
4.0
25.0
6.0
15.0
9.0
16.0
27.5
98.0
27.5
252.0
9.0
15.0
18.0
21.0
129.5
10.0
168.0
352.0
10.0
30.0
252.0
10.5
27.0
16.0
9.0
670.5
22.5
9.0
36.0
6.0
3.0
40.0
10.0
24.0
7.5
14.0
143.5
14.0
10.0
496.0
8.0
8.0
256.0
108.5
7.5
212.0
63.0
12.0
36.0
15.0
6.0
7.5
20.0
10.5
35.0
18.0
280.0
7.5
276.0
70.0
22.5
21.0
10.5
55.0
32.0
13.5
59.5
48.0
4.0
444.5
116.0
332.0
12.0
132.0
40.0
9.0
72.0
5.0
18.0
32.0
10.0
3.0
7.5
10.5
91.0
98.0
15.0
92.0
189.0
73.5
14.0
27.0
20.0
260.0
100.0
15.0
68.0
14.0
408.0
7.5
16.0
54.0
352.0
85.5
115.5
24.0
12.0
12.0
27.0
15.0
9.0
12.0
100.0
8.0
10.0
1160.0
8.0
256.5
14.0
96.0
10.5
4.5
27.0
77.0
33.0
14.0
150.0
27.0
5.0
9.0
45.0
13.5
15.0
12.0
140.0
76.0
12.0
17.5
18.0
17.5
63.0
7.5
13.5
27.0
325.5
10.0
45.0
164.0
6.0
14.0
33.0
15.0
21.0
3.0
21.0
59.5
13.5
45.0
204.0
32.0
25.0
44.0
32.0
28.0
15.0
7.0
175.0
87.5
12.0
13.5
16.0
40.0
20.0
20.0
14.0
12.0
91.0
60.0
6.0
10.5
36.0
13.5
24.5
7.5
14.0
70.0
10.5
20.0
18.0
24.0
126.0
48.0
2.5
22.5
12.0
12.5
5.0
4.5
121.5
14.0
130.5
4.5
10.5
10.0
399.0
9.0
21.0
87.0
10.5
28.0
10.5
20.0
20.0
25.0
47.5
13.5
12.0
45.0
20.0
25.0
14.0
60.0
15.0
20.0
70.0
15.0
10.5
400.5
16.0
333.0
14.0
13.5
20.0
8.0
3.0
18.0
4.5
9.0
15.0
21.0
24.5
12.0
15.0
101.5
28.0
94.5
12.0
6.0
15.0
441.0
75.0
17.5
12.0
20.0
14.0
392.0
52.5
10.5
78.0
12.0
31.5
12.0
31.5
27.5
58.5
18.0
200.0
112.0
10.5
45.0
16.0
60.0
24.0
42.0
45.5
12.0
13.5
150.0
25.0
48.0
6.0
8.0
84.0
31.5
147.0
103.5
68.0
5.0
35.0
16.0
9.0
126.0
30.0
17.5
44.0
12.0
10.5
688.0
15.0
9.0
21.0
140.0
70.0
7.0
17.5
10.0
24.0
20.0
21.0
8.0
16.0
1964.0
8.0
15.0
21.0
45.0
27.0
60.0
56.0
36.0
13.5
18.0
16.0
10.5
10.5
52.0
32.0
56.0
14.0
28.0
15.0
94.5
12.0
24.0
15.0
12.0
27.5
20.0
20.0
88.0
88.0
35.0
108.0
10.0
12.0
64.0
17.5
3.0
25.0
12.0
31.5
7.0
88.0
21.0
24.0
148.5
144.0
216.0
25.0
13.5
72.0
24.0
25.0
18.0
138.0
15.0
7.5
17.5
36.0
56.0
171.5
132.0
14.0
13.5
68.0
784.0
21.0
140.0
96.0
296.0
33.0
13.5
10.5
42.0
45.5
31.5
90.0
15.0
12.5
91.0
10.0
28.0
21.0
16.0
40.5
12.0
373.5
10.5
10.0
36.0
87.5
51.0
20.0
27.0
18.0
7.0
72.0
16.0
9.0
18.0
24.5
12.0
312.0
3.0
4.5
192.5
16.0
48.0
10.5
52.0
90.0
20.0
68.0
78.0
66.5
21.0
62.5
10.0
80.5
20.0
16.0
20.0
18.0
6.0
304.0
18.0
20.0
24.0
9.0
21.0
204.0
150.5
182.5
66.5
13.5
21.0
12.0
5.0
24.5
65.0
116.0
15.0
20.0
140.0
84.0
15.0
12.0
10.5
16.0
32.0
21.0
14.0
24.5
384.0
17.5
20.0
15.0
13.5
44.0
204.0
54.0
144.0
22.5
3.0
25.0
154.0
15.0
12.0
108.5
31.5
21.0
18.0
12.0
129.5
6.0
8.0
69.0
15.0
52.0
224.0
14.0
423.0
381.5
25.0
7.5
49.5
7.5
224.0
7.5
112.0
6.0
204.0
15.0
152.0
10.5
28.0
21.0
30.0
150.5
16.0
408.0
73.5
18.0
15.0
70.0
17.5
148.5
20.0
15.0
15.0
15.0
25.0
7.0
72.0
184.5
13.5
12.5
346.5
13.5
20.0
18.0
36.0
16.0
57.0
9.0
13.5
148.0
18.0
175.5
105.0
144.0
124.0
117.0
72.0
104.0
21.0
21.0
39.0
10.0
6.0
49.0
30.0
4.0
10.0
21.0
12.0
13.5
73.5
20.0
15.0
112.5
15.0
7.5
1647.0
12.0
262.5
9.0
28.0
188.0
16.0
108.0
16.0
25.0
15.0
15.0
85.5
24.0
24.0
10.5
7.5
10.0
31.5
18.0
16.0
10.0
40.0
44.0
13.5
153.0
25.0
7.5
12.0
20.0
13.5
15.0
16.0
44.0
498.0
15.0
676.0
7.5
5.0
3.0
68.0
252.0
25.0
10.5
30.0
15.0
20.0
154.0
15.0
13.5
25.0
17.5
22.5
13.5
35.0
92.0
32.0
15.0
9.0
59.5
12.0
7.5
64.0
10.0
10.5
17.5
67.5
7.5
24.0
8.0
535.5
13.5
6.0
15.0
52.5
7.5
144.0
20.0
7.5
27.0
5.0
27.0
18.0
15.0
12.0
148.0
204.0
10.0
20.0
20.0
12.0
16.0
73.5
10.0
7.0
140.0
12.0
16.0
105.0
7.5
17.5
59.5
4.5
10.5
38.5
17.5
28.0
6.0
20.0
35.0
920.0
324.0
13.5
15.0
117.0
10.0
32.0
20.0
1036.0
10.5
14.0
52.0
311.5
48.0
157.5
7.5
7.5
52.0
17.5
40.0
140.0
56.0
54.0
20.0
36.0
10.5
12.0
9.0
67.5
15.0
201.0
49.5
32.0
14.0
16.0
10.5
28.0
112.0
18.0
5.0
18.0
13.5
224.0
8.0
28.0
148.0
22.5
21.0
32.0
15.0
22.5
24.0
12.0
63.0
6.0
13.5
10.5
15.0
42.0
7.5
6.0
31.5
5.0
49.0
10.0
376.0
18.0
76.0
10.5
10.5
12.0
10.0
28.0
22.5
8.0
12.0
13.5
12.0
52.0
136.0
325.5
10.5
12.0
202.5
7.5
8.0
16.0
12.0
94.5
12.0
276.5
1.5
3.0
170.0
408.0
988.0
9.0
175.5
84.0
9.0
10.5
21.0
10.0
20.0
24.0
63.0
52.5
10.5
40.0
105.0
15.0
9.0
9.0
268.0
20.0
15.0
184.5
18.0
58.5
15.0
24.0
36.0
120.0
6.0
32.0
13.5
10.5
18.0
42.0
17.5
68.0
12.0
66.5
7.0
3.0
52.0
16.0
14.0
92.0
15.0
36.0
40.5
15.0
21.0
31.5
21.0
25.0
7.5
15.0
10.5
17.5
14.0
24.0
59.5
49.5
16.0
476.0
126.0
10.5
306.0
444.5
4.0
27.0
34.0
52.0
1224.0
10.5
27.0
8.0
31.5
18.0
17.5
64.0
198.0
2.5
10.0
15.0
75.0
60.0
176.0
33.0
368.0
7.5
15.0
15.0
7.5
9.0
14.0
14.0
9.0
256.5
31.5
45.5
40.0
120.0
117.0
476.0
28.0
17.5
12.0
12.5
7.5
27.0
15.0
165.0
12.0
64.0
14.0
10.5
628.0
208.0
15.0
42.0
15.0
18.0
18.0
17.5
49.5
28.0
45.5
24.0
9.0
9.0
420.0
20.0
81.0
12.0
7.0
82.5
21.0
24.0
10.0
45.5
15.0
7.0
9.0
20.0
20.0
528.0
6.0
7.0
236.0
36.0
32.0
28.0
412.0
10.0
6.0
10.5
18.0
10.5
39.0
38.5
28.0
76.5
31.5
12.0
36.0
13.5
10.0
90.0
22.5
9.0
66.0
5.0
12.5
153.0
332.0
16.0
16.0
9.0
3.0
126.0
15.0
7.0
9.0
21.0
20.0
20.0
6.0
72.0
20.0
20.0
10.5
7.5
14.0
157.5
13.5
6.0
21.0
31.5
20.0
15.0
31.5
24.5
13.5
14.0
58.5
40.0
12.0
40.5
31.5
17.5
30.0
15.0
32.0
162.0
36.0
15.0
6.0
16.0
10.5
12.0
21.0
10.0
145.0
24.0
20.0
40.0
22.5
32.5
20.0
7.5
9.0
16.0
10.0
28.0
21.0
98.0
39.0
13.5
18.0
12.0
16.0
48.0
12.0
7.0
15.0
5.0
21.0
10.0
231.0
7.5
22.5
96.0
14.0
21.0
129.5
13.5
10.5
27.0
15.0
28.0
17.5
40.5
217.0
18.0
108.0
1280.0
72.5
10.5
22.5
7.5
10.5
266.0
944.0
2029.5
25.0
10.5
10.5
16.0
10.0
20.0
90.0
17.5
5.0
27.0
234.0
60.0
27.0
7.5
12.0
27.0
20.0
15.0
20.0
40.5
20.0
20.0
22.5
28.0
10.5
40.0
15.0
234.5
548.0
9.0
10.5
20.0
18.0
10.5
14.0
10.5
22.5
5.0
10.5
366.0
15.0
15.0
12.0
15.0
35.0
10.5
12.0
16.0
64.0
15.0
180.0
12.0
12.5
12.5
175.0
31.5
16.0
12.0
18.0
10.0
8.0
24.5
12.0
27.0
6.0
1584.0
12.0
651.0
184.0
12.5
48.0
15.0
42.0
68.0
21.0
40.0
15.0
10.5
147.5
128.0
80.0
16.0
15.0
252.0
6.0
7.0
49.5
6.0
16.0
15.0
24.5
13.5
15.0
15.0
22.5
8.0
1.0
144.0
8.0
15.0
15.0
220.5
33.0
63.0
20.0
20.0
20.0
6.0
45.0
16.0
36.0
9.0
15.0
15.0
60.0
13.5
52.0
10.0
92.0
15.0
12.0
4.5
20.0
287.0
231.0
98.0
193.5
17.5
9.0
7.5
16.0
35.0
28.0
124.0
10.0
16.0
16.0
25.0
121.5
20.0
232.0
36.0
27.0
4.5
12.5
1890.0
20.0
30.0
7.5
18.0
20.0
44.0
22.5
24.0
63.0
15.0
15.0
15.0
15.0
17.5
22.5
267.0
148.0
28.0
20.0
14.0
14.0
15.0
105.0
21.0
12.0
32.0
13.5
56.0
27.5
30.0
15.0
12.0
80.5
10.5
33.0
548.0
189.0
12.0
16.0
16.0
15.0
33.0
36.0
342.0
178.5
22.5
12.0
27.0
7.5
14.0
10.5
640.0
10.5
27.5
6.0
28.0
60.0
36.0
10.5
10.5
10.0
9.0
17.5
248.0
15.0
16.0
100.0
122.5
20.0
49.5
30.0
160.0
42.0
168.0
60.0
81.0
300.0
9.0
7.5
24.0
220.0
7.5
15.0
15.0
17.5
10.5
7.0
24.0
60.0
40.0
12.0
18.0
4.0
385.0
15.0
13.5
12.0
12.5
31.5
35.0
14.0
95.0
45.0
22.5
56.0
16.0
16.0
21.0
126.0
130.0
5.0
3.0
15.0
204.0
13.5
20.0
77.0
17.5
12.0
24.0
301.0
189.0
7.5
32.5
15.0
52.5
70.0
110.0
45.5
10.5
7.5
25.0
10.0
10.0
320.0
24.0
16.0
67.5
28.0
21.0
9.0
18.0
16.0
42.0
145.0
24.0
10.5
20.0
452.0
10.5
12.0
9.0
14.0
148.0
40.5
210.0
156.0
16.0
24.5
10.5
1024.0
60.0
14.0
94.5
7.0
536.0
17.5
45.0
68.0
35.0
27.0
388.0
40.0
31.5
15.0
3.0
12.0
17.5
511.0
24.0
59.5
15.0
38.5
160.0
24.5
15.0
33.0
15.0
22.5
12.0
7.0
10.5
105.0
12.0
81.0
12.0
4.0
18.0
14.0
5.0
45.0
27.0
31.5
16.0
132.0
20.0
10.5
20.0
24.5
13.5
8.0
13.5
208.0
28.0
7.5
8.0
284.0
13.5
21.0
7.5
27.5
15.0
356.0
31.5
310.5
15.0
7.5
7.5
4.0
17.5
48.0
7.5
15.0
7.0
32.0
12.0
14.0
20.0
20.0
45.5
90.0
808.0
44.0
972.0
16.0
183.0
20.0
21.0
150.0
119.0
14.0
7.5
17.5
13.5
91.0
45.0
14.0
20.0
24.0
16.0
7.5
16.0
28.0
12.0
18.0
7.0
10.5
143.5
16.0
7.5
31.5
8.0
164.0
36.0
4.5
325.5
18.0
45.0
13.5
20.0
10.5
38.5
8.0
196.0
10.0
12.0
27.0
25.0
409.5
36.0
12.0
16.0
15.0
28.0
9.0
16.0
196.0
15.0
3.0
7.0
203.0
10.5
52.5
3.0
15.0
6.0
10.5
21.0
15.0
13.5
143.5
260.0
13.5
15.0
132.0
266.0
15.0
32.0
4.5
15.0
4.5
28.0
112.0
10.5
40.5
48.0
5.0
8.0
16.0
10.5
8.0
168.0
81.0
231.0
84.0
196.0
33.0
4.5
40.5
20.0
13.5
20.0
27.0
198.0
45.0
77.0
17.5
24.0
21.0
40.0
57.0
36.0
18.0
13.5
21.0
12.0
18.0
17.5
20.0
72.0
161.0
12.0
13.5
18.0
45.0
560.0
15.0
390.0
88.0
13.5
15.0
73.5
140.0
680.0
8.0
20.0
7.5
10.5
25.0
15.0
9.0
24.0
8.0
248.0
9.0
17.5
17.5
31.5
958.5
32.0
28.0
24.0
148.5
20.0
7.5
16.0
408.0
40.5
18.0
6.0
50.0
7.5
315.0
33.0
63.0
216.0
6.0
7.0
48.0
12.5
174.0
49.0
72.0
896.0
4.0
60.0
16.0
64.0
22.5
120.0
40.5
30.0
4.0
24.0
7.5
12.5
144.0
17.5
9.0
5.0
14.0
6.0
92.0
90.0
28.0
10.5
13.5
10.5
196.0
1716.0
13.5
68.0
48.0
20.0
40.0
222.0
20.0
28.0
13.5
6.0
24.5
9.0
4.5
8.0
6.0
25.0
20.0
42.0
552.0
10.5
52.0
5.0
30.0
189.0
13.5
32.5
46.0
15.0
10.5
12.0
12.0
12.0
76.0
20.0
15.0
20.0
18.0
12.0
126.0
63.0
241.5
10.0
17.5
15.0
128.0
24.5
2325.0
15.0
9.0
10.5
136.5
432.0
24.5
24.0
24.0
40.0
15.0
280.0
130.5
31.5
10.5
15.0
24.0
36.0
10.5
294.0
8.0
123.0
8.0
18.0
24.0
25.0
54.0
8.0
64.0
8.0
15.0
40.0
24.0
10.5
28.0
12.0
35.0
17.5
20.0
13.5
72.0
20.0
36.0
12.0
96.0
16.0
261.0
76.5
329.0
10.5
31.5
6.0
15.0
10.5
13.5
24.5
7.5
31.5
35.0
13.5
9.0
13.5
9.0
20.0
13.5
15.0
12.0
33.0
31.5
16.0
21.0
15.0
12.0
520.0
12.0
52.0
20.0
28.0
441.0
63.0
44.0
374.5
9.0
92.0
108.0
40.0
12.0
119.0
14.0
8.0
63.0
21.0
128.0
20.0
30.0
10.5
20.0
36.0
20.0
64.0
15.0
12.0
59.5
12.0
476.0
16.0
15.0
10.5
14.0
15.0
168.0
16.0
12.5
272.0
15.0
778.5
21.0
21.0
24.5
31.5
104.0
196.0
15.0
73.5
59.5
5.0
20.0
28.0
8.0
15.0
94.5
15.0
4.0
15.0
7.0
6.0
56.0
252.0
10.0
604.0
27.0
12.0
10.0
17.5
24.5
9.0
15.0
28.0
35.0
18.0
108.0
16.0
10.0
12.0
21.0
10.5
10.5
9.0
234.5
24.0
10.5
52.0
476.0
22.0
40.5
324.0
27.0
22.5
248.0
84.0
105.0
18.0
9.0
24.0
17.5
40.0
10.5
15.0
21.0
49.5
28.0
20.0
17.5
15.0
168.0
10.5
20.0
193.5
15.0
24.5
12.0
10.5
108.0
15.0
2.0
188.0
10.5
81.0
75.0
832.0
56.0
14.0
10.0
9.0
20.0
16.0
24.5
12.0
10.5
15.0
3.0
48.0
140.0
13.5
90.0
13.5
15.0
30.0
4.0
30.0
15.0
28.0
13.5
40.0
16.0
28.0
136.5
20.0
87.5
77.0
12.5
10.5
9.0
14.0
87.0
9.0
77.0
7.5
13.5
318.5
10.5
248.0
353.5
10.5
13.5
20.0
14.0
288.0
45.0
24.0
20.0
124.0
252.0
40.0
12.0
15.0
13.5
31.5
8.0
20.0
143.5
104.0
9.0
7.5
10.5
35.0
21.0
10.0
28.0
816.0
553.0
174.0
15.0
30.0
10.0
24.0
14.0
13.5
17.5
10.5
40.0
15.0
10.5
6.0
21.0
13.5
28.0
9.0
10.0
35.0
17.5
34.0
17.5
17.5
15.0
126.0
152.0
16.0
24.5
21.0
20.0
56.0
304.0
10.0
300.0
17.5
16.0
28.0
124.0
76.5
12.0
20.0
16.0
57.5
13.5
20.0
52.0
40.0
31.5
35.0
18.0
27.0
22.5
18.0
25.0
54.0
70.0
31.5
48.0
249.0
7.0
63.0
16.0
16.0
12.0
7.0
10.5
18.0
16.0
12.0
31.5
32.0
15.0
20.0
112.0
16.0
10.5
45.0
24.0
64.0
15.0
7.5
31.5
80.0
6.0
30.0
497.0
120.0
104.0
84.0
14.0
16.0
20.0
14.0
60.0
20.0
20.0
52.0
10.0
20.0
15.0
4.0
13.5
20.0
35.0
284.0
33.0
105.0
32.5
28.0
21.0
10.5
13.5
13.5
9.0
18.0
36.0
21.0
152.0
12.5
14.0
144.0
15.0
14.0
20.0
14.0
576.0
16.0
24.5
984.0
22.0
15.0
92.0
164.5
24.5
18.0
30.0
268.0
13.5
10.5
292.0
9.0
135.0
10.5
138.0
15.0
28.0
27.0
80.5
13.5
10.0
18.0
12.0
12.0
14.0
10.0
159.0
16.0
20.0
35.0
12.0
6.0
15.0
15.0
27.0
58.5
15.0
13.5
13.5
24.0
18.0
15.0
10.5
9.0
6.0
9.0
12.0
7.0
20.0
28.0
15.0
5.0
16.0
10.5
9.0
9.0
35.0
22.5
95.0
28.0
52.5
27.0
10.0
10.5
202.5
13.5
12.0
7.5
25.0
21.0
15.0
136.5
20.0
15.0
477.0
93.0
33.0
121.5
24.5
96.0
156.0
32.5
203.0
12.0
513.0
20.0
156.0
36.0
15.0
10.5
171.0
5.0
20.0
22.5
136.0
6.0
216.0
21.0
47.5
5.0
9.0
15.0
10.5
25.0
14.0
15.0
18.0
3.0
9.0
30.0
63.0
269.5
36.0
200.0
15.0
10.0
147.0
15.0
85.5
84.0
15.0
9.0
24.5
13.5
50.0
15.0
12.0
36.0
175.0
7.5
15.0
132.0
18.0
15.0
15.0
15.0
12.0
96.0
80.0
20.0
12.0
12.5
20.0
27.0
20.0
20.0
13.5
27.0
84.0
16.0
15.0
3.0
192.5
21.0
36.0
9.0
9.0
13.5
15.0
93.0
20.0
22.5
96.0
413.0
16.0
15.0
14.0
42.5
6.0
27.0
55.0
56.0
18.0
28.0
344.0
20.0
15.0
10.5
7.5
45.5
20.0
16.0
13.5
13.5
24.0
180.0
1024.0
52.5
10.0
128.0
96.0
584.0
7.5
22.5
15.0
368.0
232.0
15.0
17.5
20.0
1044.0
27.0
126.0
388.0
25.0
28.0
157.5
282.5
8.0
24.0
33.0
13.5
175.5
14.0
18.0
12.5
27.0
52.0
40.5
14.0
36.0
14.0
25.0
54.0
42.0
12.0
88.0
18.0
9.0
10.5
88.0
9.0
15.0
20.0
52.5
10.5
21.0
344.0
40.0
1144.0
9.0
15.0
31.5
13.5
16.0
10.5
32.0
437.5
224.0
6.0
10.5
17.5
10.5
7.5
184.0
12.0
16.0
12.5
18.0
196.0
5.0
7.5
164.0
654.5
2.0
52.5
25.0
14.0
3.0
10.0
18.0
10.5
32.5
10.0
10.5
17.5
42.0
10.5
283.5
10.5
15.0
10.5
162.0
50.0
25.0
17.5
9.0
20.0
9.0
35.0
77.0
20.0
7.0
20.0
13.5
25.0
48.0
18.0
189.0
42.0
5.0
13.5
28.0
13.5
252.0
122.5
21.0
22.5
168.0
18.0
20.0
6.0
64.0
10.0
436.0
10.0
10.0
27.0
44.0
10.0
24.0
20.0
116.0
12.0
20.0
33.0
7.5
7.5
28.0
153.0
10.0
268.0
51.0
10.5
10.5
56.0
32.0
30.0
45.5
152.5
18.0
68.0
22.5
30.0
15.0
7.5
44.0
164.0
232.0
6.0
90.0
370.0
27.0
25.0
121.5
17.5
136.0
427.0
7.5
15.0
12.0
15.0
20.0
22.5
18.0
159.0
10.5
36.0
7.0
16.0
54.0
17.5
16.0
64.0
208.0
31.5
42.0
18.0
10.5
20.0
16.0
10.5
6.0
52.0
52.0
13.5
91.0
108.5
10.5
12.0
22.5
168.0
499.5
9.0
56.0
15.0
21.0
55.0
136.0
21.0
13.5
6.0
18.0
12.0
27.0
12.0
7.5
12.0
15.0
9.0
16.0
280.0
75.0
17.5
52.0
21.0
18.0
12.0
105.0
192.0
17.5
20.0
7.0
18.0
99.0
14.0
44.0
9.0
60.0
234.0
16.0
20.0
206.5
256.0
20.0
8.0
988.0
28.0
20.0
67.5
54.0
60.0
12.0
13.5
30.0
39.0
12.0
52.0
15.0
350.0
32.0
17.5
16.0
40.0
25.0
24.0
12.5
66.0
15.0
12.0
30.0
17.5
15.0
7.5
6.0
18.0
7.5
154.0
8.0
12.0
12.0
20.0
7.5
12.0
9.0
15.0
77.0
18.0
21.0
2.5
30.0
27.0
196.0
268.0
13.5
9.0
9.0
15.0
9.0
448.0
22.5
27.0
272.0
20.0
21.0
516.0
199.5
252.0
8.0
22.5
18.0
40.5
13.5
45.5
36.0
28.0
228.0
20.0
94.5
24.0
21.0
496.0
15.0
160.0
216.0
130.5
8.0
21.0
156.0
308.0
32.5
280.0
16.0
36.0
57.0
2.5
8.0
15.0
21.0
87.0
18.0
7.5
24.0
18.0
52.5
100.0
6.0
6.0
17.5
8.0
33.0
15.0
17.5
13.5
24.0
22.5
48.0
20.0
24.0
4.5
15.0
172.0
59.5
40.0
13.5
92.0
27.0
63.0
4.5
520.0
44.0
24.5
24.5
7.5
28.0
15.0
84.0
20.0
38.5
164.0
20.0
10.5
36.0
332.5
15.0
15.0
10.5
21.0
141.0
85.0
206.5
20.0
57.0
9.0
9.0
460.0
15.0
27.0
13.5
121.5
24.5
15.0
66.5
18.0
13.5
28.0
27.0
7.5
16.0
15.0
18.0
15.0
9.0
380.0
9.0
73.5
32.5
30.0
238.5
10.0
28.0
14.0
60.0
6.0
49.0
48.0
30.0
27.0
129.5
63.0
136.0
40.0
42.0
35.0
15.0
81.0
35.0
180.0
243.0
4.0
10.5
248.0
7.0
15.0
20.0
28.0
12.0
6.0
38.0
15.0
60.0
8.0
8.0
10.0
704.0
16.0
17.5
28.0
15.0
13.5
45.5
25.0
28.0
144.0
17.5
15.0
21.0
49.5
7.5
58.5
16.0
14.0
24.0
63.0
13.5
38.5
99.0
21.0
12.0
20.0
231.0
4.5
15.0
21.0
28.0
128.0
12.0
15.0
544.0
14.0
7.5
13.5
20.0
96.0
22.5
12.0
39.0
22.5
372.0
17.5
54.0
283.5
20.0
48.0
17.5
21.0
10.5
15.0
17.5
1656.0
101.5
14.0
84.0
78.0
315.0
12.0
12.0
67.5
45.0
16.0
12.0
15.0
7.5
10.5
18.0
108.0
20.0
320.0
24.5
66.5
108.5
7.5
25.0
76.5
15.0
6.0
32.0
12.0
28.0
13.5
15.0
150.5
45.0
15.0
30.0
12.0
24.0
100.0
7.5
210.0
18.0
20.0
10.5
32.0
55.0
18.0
120.0
17.5
13.5
4.5
102.0
10.0
10.0
20.0
15.0
15.0
120.0
272.0
13.5
4.5
18.0
8.0
14.0
15.0
8.0
9.0
1004.0
69.0
22.5
94.5
45.5
16.0
24.5
150.5
15.0
17.5
14.0
10.5
126.0
16.0
27.0
132.0
49.0
15.0
20.0
18.0
13.5
4.5
88.0
20.0
13.5
45.0
17.5
15.0
70.0
6.0
232.0
1088.0
6.0
15.0
2.0
9.0
36.0
10.5
20.0
10.5
9.0
72.0
10.5
234.5
90.0
36.0
10.5
35.0
20.0
18.0
10.5
9.0
24.5
15.0
13.5
15.0
10.0
24.0
21.0
10.0
18.0
27.5
22.5
9.0
27.0
140.0
13.5
15.0
192.5
3.0
588.0
40.0
10.0
15.0
25.0
12.0
14.0
13.5
558.0
58.5
7.5
182.0
21.0
101.5
5.0
16.0
15.0
356.0
35.0
7.5
13.5
20.0
12.0
14.0
14.0
162.0
85.0
13.5
72.0
20.0
10.5
14.0
80.0
30.0
18.0
4.5
13.5
448.0
211.5
45.5
1004.5
21.0
16.0
9.0
52.0
12.0
40.0
18.0
12.0
10.5
20.0
15.0
35.0
17.5
17.5
147.0
30.0
12.0
18.0
16.0
13.5
66.5
49.0
4.0
24.0
7.5
32.0
236.0
28.0
20.0
238.5
44.0
103.5
1043.0
171.5
56.0
14.0
35.0
24.0
15.0
175.0
27.0
98.0
237.0
73.5
157.5
7.5
12.5
13.5
20.0
27.0
10.5
30.0
20.0
32.5
27.0
30.0
98.0
12.0
154.0
765.0
9.0
15.0
58.5
72.0
9.0
15.0
20.0
111.0
17.5
12.5
87.5
7.5
91.0
15.0
18.0
42.0
58.5
704.0
7.5
132.0
12.0
96.0
20.0
114.0
15.0
25.0
399.0
21.0
10.0
8.0
16.0
172.0
15.0
87.5
17.5
17.5
348.0
4.0
57.0
13.5
10.5
35.0
27.0
10.5
12.5
66.5
10.0
15.0
196.0
10.0
15.0
1084.5
20.0
14.0
319.5
104.0
6.0
67.5
32.0
560.0
16.0
101.5
5.0
12.0
10.0
2.5
14.0
15.0
20.0
9.0
10.5
9.0
15.0
18.0
9.0
7.5
31.5
24.0
496.0
111.0
204.0
116.0
31.5
20.0
8.0
18.0
68.0
20.0
13.5
18.0
27.0
227.5
6.0
22.5
24.5
234.5
44.0
27.0
15.0
7.5
20.0
44.0
9.0
172.0
382.5
40.5
57.0
9.0
44.0
45.0
52.5
15.0
564.0
56.0
40.0
64.0
15.0
16.0
18.0
476.0
444.0
456.0
101.5
220.0
60.0
42.0
10.5
388.0
12.0
13.5
14.0
82.5
297.0
25.0
115.5
140.0
52.5
17.5
16.0
31.5
98.0
462.0
81.0
21.0
7.5
10.5
15.0
15.0
15.0
91.0
908.0
92.0
73.5
304.0
16.0
15.0
164.0
15.0
90.0
3.5
168.0
9.0
112.0
76.0
108.5
3.0
262.5
12.0
32.0
16.0
4.5
10.5
13.5
31.5
31.5
15.0
52.0
166.5
6.0
10.5
110.0
10.5
97.5
472.5
100.0
44.0
44.0
22.5
63.0
49.0
2.5
35.0
130.5
70.0
252.0
56.0
10.5
10.5
7.5
36.0
12.0
12.0
15.0
130.5
40.5
99.0
171.5
8.0
16.0
24.0
372.0
96.0
38.5
56.0
108.0
15.0
13.5
132.0
14.0
3.0
36.0
63.0
28.0
18.0
24.0
68.0
10.5
15.0
24.0
32.0
255.5
115.5
90.0
12.0
21.0
231.0
33.0
124.0
456.0
172.0
721.0
232.0
52.5
13.5
12.0
14.0
6.0
14.0
7.0
18.0
27.0
52.5
15.0
116.0
21.0
31.5
15.0
14.0
128.0
14.0
18.0
56.0
352.0
63.0
392.0
212.0
49.0
10.5
38.5
38.5
15.0
56.0
7.0
24.5
10.5
22.5
10.5
7.5
207.0
31.5
24.0
6.0
10.0
20.0
15.0
128.0
20.0
9.0
21.0
21.0
13.5
28.0
20.0
28.0
12.0
20.0
255.5
9.0
30.0
7.5
21.0
42.0
203.0
9.0
10.0
15.0
24.0
16.0
20.0
164.0
135.0
17.5
10.5
7.5
21.0
12.0
18.0
7.0
15.0
6.0
9.0
508.0
10.5
30.0
265.5
748.0
16.0
18.0
22.5
12.0
21.0
20.0
9.0
14.0
12.0
31.5
24.5
10.0
30.0
77.0
4.5
24.0
3.5
21.0
24.0
28.0
12.0
306.0
31.5
30.0
10.0
15.0
9.0
64.0
108.0
81.0
164.0
9.0
28.0
16.0
17.5
32.5
10.5
94.5
240.0
548.0
13.5
7.5
101.5
12.5
33.0
10.0
15.0
38.5
10.0
27.0
20.0
24.5
704.0
544.0
10.5
7.0
17.5
27.0
90.0
22.5
692.0
192.5
35.0
40.0
15.0
15.0
10.5
220.0
123.0
17.5
229.5
14.0
10.5
4.5
542.5
12.0
28.0
52.0
15.0
16.0
14.0
87.5
24.5
8.0
7.0
44.0
10.5
392.0
27.0
13.5
48.0
6.0
20.0
56.0
42.0
15.0
168.0
10.0
6.0
7.5
9.0
13.5
17.5
300.0
35.0
7.5
22.5
324.0
30.0
562.5
18.0
9.0
22.5
60.0
20.0
9.0
111.0
12.0
8.0
16.5
17.5
20.0
7.0
6.0
11.0
196.0
70.0
15.0
13.5
17.5
12.0
30.0
21.0
16.0
15.0
6.0
10.0
13.5
16.0
13.5
7.0
147.0
10.5
216.0
62.5
8.0
10.5
27.0
10.5
105.0
12.0
10.5
9.0
14.0
15.0
15.0
20.0
67.5
136.0
84.0
15.0
20.0
16.0
38.5
20.0
72.0
33.0
9.0
31.5
91.0
9.0
16.0
7.5
22.5
1413.0
108.0
7.0
500.0
16.0
78.0
31.5
177.0
28.0
7.5
20.0
76.0
60.0
40.5
25.0
12.5
20.0
36.0
364.5
45.0
445.5
40.0
12.0
4.5
12.0
12.0
156.0
31.5
4.0
36.0
33.0
49.5
20.0
182.0
8.0
28.0
18.0
25.0
13.5
15.0
392.0
33.0
48.0
87.0
10.0
72.0
55.0
15.0
17.5
30.0
756.0
45.0
12.0
15.0
12.0
144.0
21.0
45.5
188.0
18.0
84.0
101.5
13.5
112.0
15.0
40.0
16.0
20.0
15.0
76.0
12.5
5.0
42.0
49.5
12.0
350.0
7.5
10.5
15.0
14.0
15.0
7.5
206.5
12.0
15.0
21.0
15.0
9.0
514.5
21.0
15.0
49.0
28.0
20.0
80.0
27.0
20.0
45.5
24.5
12.0
73.5
9.0
40.5
10.0
68.0
17.5
14.0
7.5
31.5
18.0
18.0
98.0
12.5
22.5
660.0
21.0
25.0
50.0
72.0
63.0
73.5
7.5
350.0
10.0
22.5
10.0
780.0
25.0
55.0
93.0
9.0
4.5
63.0
90.0
51.0
144.0
357.0
124.0
20.0
105.0
4.5
15.0
87.5
12.0
22.5
92.0
5.0
101.5
288.0
24.0
10.0
15.0
20.0
81.0
17.5
50.0
204.0
10.5
18.0
40.0
104.0
8.0
60.0
125.0
32.0
13.5
31.5
4.0
7.5
20.0
14.0
6.0
10.5
12.0
189.0
20.0
35.0
22.5
12.0
20.0
31.5
12.0
126.0
9.0
44.0
316.0
18.0
12.5
15.0
15.0
40.0
7.5
88.0
25.0
15.0
20.0
144.0
32.0
17.5
16.0
33.0
24.5
12.0
10.5
96.0
232.0
100.0
8.0
13.5
5.0
101.5
27.5
188.0
178.5
12.0
20.0
18.0
10.0
25.0
108.5
16.0
30.0
128.0
10.0
20.0
12.0
112.5
64.0
15.0
5.0
15.0
15.0
10.5
4.5
15.0
13.5
10.5
27.0
224.0
48.0
20.0
18.0
30.0
25.0
427.5
27.5
6.0
13.5
25.0
18.0
28.0
168.0
10.5
64.0
7.5
27.0
45.0
12.5
28.0
130.0
15.0
2.0
18.0
17.5
60.0
20.0
28.0
406.0
12.0
16.0
196.0
274.5
12.0
72.0
10.0
28.0
290.5
15.0
60.0
49.0
63.0
15.0
9.0
272.0
16.0
10.5
16.0
10.0
52.5
35.0
15.0
20.0
25.0
7.5
10.0
40.5
30.0
17.5
27.0
172.0
196.0
40.0
36.0
36.0
27.5
119.0
35.0
7.5
10.0
241.5
10.5
24.0
14.0
9.0
760.0
60.0
94.5
25.0
45.0
12.0
12.5
54.0
10.5
8.0
13.5
92.0
36.0
200.0
20.0
9.0
68.0
15.0
7.5
12.0
31.5
325.5
10.0
12.0
6.0
73.5
12.0
22.5
15.0
13.5
6.0
18.0
9.0
12.0
28.0
45.0
15.0
15.0
868.0
4.0
216.0
17.5
30.0
75.0
7.5
42.0
9.0
7.0
36.0
148.0
31.5
24.0
10.5
10.0
14.0
7.0
45.5
123.0
12.0
168.0
20.0
15.0
16.0
7.0
22.5
25.0
13.5
8.0
100.0
13.5
13.5
133.0
10.5
156.0
18.0
30.0
9.0
28.0
108.5
25.0
60.0
36.0
22.5
56.0
52.0
24.0
132.0
15.0
9.0
64.0
17.5
10.0
31.5
31.5
22.5
27.0
42.0
574.0
168.0
42.0
14.0
13.5
24.0
9.0
40.5
7.5
10.5
87.0
49.5
130.5
15.0
17.5
24.0
7.5
51.0
40.5
18.0
6.0
7.5
30.0
9.0
22.5
20.0
8.0
16.0
12.0
24.0
27.0
10.5
4.0
7.0
15.0
24.0
12.0
15.0
10.5
8.0
243.0
59.5
40.0
24.0
18.0
3.0
211.5
70.0
15.0
91.0
14.0
12.0
13.5
121.5
105.0
400.5
15.0
8.0
35.0
49.5
70.0
30.0
16.0
7.5
24.5
5.0
10.0
15.0
20.0
10.5
13.5
20.0
10.5
18.0
10.5
20.0
6.0
28.0
14.0
16.0
15.0
36.0
96.0
96.0
15.0
10.0
12.0
240.0
20.0
10.0
45.5
36.0
12.0
31.5
380.0
10.0
48.0
20.0
25.0
32.0
16.0
404.0
10.5
18.0
6.0
15.0
10.0
15.0
17.5
748.0
136.0
344.0
39.0
27.0
30.0
38.5
24.0
14.0
48.0
16.0
9.0
168.0
30.0
17.5
16.0
9.0
7.5
32.0
21.0
24.5
21.0
96.0
24.0
20.0
27.0
13.5
63.0
8.0
4.0
76.0
3.0
612.0
48.0
139.5
14.0
45.0
22.5
12.0
7.5
3.0
20.0
56.0
40.0
9.0
6.0
16.0
27.0
10.5
27.0
16.0
10.5
176.0
10.5
18.0
240.0
245.0
36.0
18.0
203.0
3.0
60.0
10.5
52.5
30.0
132.0
32.0
20.0
380.0
9.0
9.0
10.0
36.0
552.0
36.0
31.5
10.5
48.0
63.0
73.5
12.0
9.0
288.0
129.5
10.5
12.0
57.0
45.0
77.0
12.0
44.0
216.0
12.5
5.0
31.5
308.0
198.0
13.5
7.5
60.0
241.5
13.5
13.5
14.0
10.0
13.5
9.0
27.0
38.5
51.0
102.0
132.0
24.0
18.0
18.0
72.0
48.0
21.0
91.0
27.0
10.5
70.0
10.0
28.0
48.0
10.5
77.0
17.5
15.0
16.0
25.0
234.0
54.0
20.0
56.0
40.0
7.0
10.5
171.5
91.0
10.5
13.5
13.5
600.0
13.5
172.0
255.5
13.5
25.0
264.0
52.0
15.0
25.0
28.0
7.5
7.0
13.5
760.0
15.0
12.0
45.0
13.5
18.0
112.5
13.5
10.5
18.0
15.0
16.0
5.0
16.0
7.5
21.0
9.0
148.5
120.0
10.5
6.0
18.0
5.0
18.0
6.0
9.0
22.0
252.0
31.5
49.5
13.5
180.0
12.0
12.0
24.0
59.5
143.5
16.0
12.0
22.5
13.5
7.5
22.5
28.0
244.0
13.5
12.0
66.5
15.0
7.5
27.0
14.0
104.0
21.0
10.5
15.0
13.5
18.0
4.5
84.0
45.0
140.0
9.0
7.5
20.0
8.0
30.0
14.0
45.0
15.0
628.0
9.0
78.0
40.5
7.5
162.0
12.0
96.0
35.0
612.0
28.0
42.5
24.0
14.0
20.0
6.0
12.0
9.0
18.0
12.0
140.0
27.0
45.5
44.0
25.0
21.0
24.5
137.5
128.0
50.0
196.0
22.5
24.0
13.5
15.0
3.0
24.5
16.0
420.0
36.0
31.5
8.0
126.0
54.0
20.0
15.0
4.0
7.5
24.0
63.0
27.0
296.0
21.0
20.0
224.0
42.0
36.0
693.0
15.0
87.5
124.0
38.5
17.5
7.0
18.0
76.5
81.0
126.0
20.0
13.5
20.0
21.0
40.0
81.0
30.0
52.5
20.0
40.0
22.5
81.0
24.0
90.0
12.0
22.5
396.0
15.0
12.0
192.0
7.0
13.5
4.0
10.5
81.0
1124.0
189.0
168.0
6.0
32.0
16.0
12.0
152.0
364.0
36.0
28.0
308.0
10.0
111.0
17.5
68.0
13.5
42.0
30.0
13.5
33.0
55.0
35.0
28.0
24.0
15.0
17.5
35.0
28.0
13.5
15.0
9.0
15.0
12.0
15.0
165.0
12.0
3.5
12.0
35.0
12.0
10.5
140.0
76.5
20.0
65.0
3.0
8.0
27.0
14.0
15.0
30.0
160.0
188.0
9.0
87.5
7.5
38.5
17.5
10.5
7.0
9.0
40.0
17.5
21.0
10.0
35.0
24.5
16.0
744.0
9.0
10.5
13.5
10.5
22.5
63.0
15.0
3.0
34.0
13.5
18.0
25.0
125.0
152.0
15.0
14.0
10.0
10.5
16.0
7.5
378.0
2.0
60.0
227.5
3.0
7.5
27.0
15.0
27.0
24.5
12.0
696.0
6.0
16.0
140.0
267.0
31.5
42.0
136.0
112.5
7.5
140.0
7.5
80.5
13.5
28.0
9.0
20.0
60.0
33.0
10.5
18.0
14.0
42.0
884.0
7.0
18.0
10.5
48.0
70.0
21.0
12.0
8.0
12.0
28.0
15.0
87.5
287.0
14.0
16.0
7.0
24.5
15.0
60.0
10.5
112.5
73.5
20.0
18.0
65.0
7.5
10.0
40.5
15.0
72.0
255.5
4.5
567.0
92.0
24.0
10.0
9.0
14.0
27.0
13.5
13.5
7.0
15.0
423.5
12.0
18.0
40.5
50.0
7.0
479.5
7.5
14.0
12.0
122.5
7.5
25.0
4.5
22.5
28.0
17.5
8.0
13.5
21.0
15.0
13.5
10.5
2.0
12.0
164.5
68.0
15.0
9.0
101.5
56.0
12.0
10.5
10.5
45.5
18.0
3.0
12.0
18.0
10.0
25.0
13.5
10.5
24.0
10.0
12.0
84.0
460.0
17.5
9.0
70.0
18.0
268.0
21.0
24.5
15.0
524.0
24.0
12.0
16.0
346.5
351.0
8.0
30.0
1588.0
59.5
12.0
5.0
7.0
15.0
39.0
7.5
21.0
9.0
320.0
63.0
355.5
97.5
69.0
15.0
7.0
13.5
32.0
7.5
77.5
16.0
14.0
25.0
72.0
10.0
14.0
108.0
84.0
28.0
20.0
15.0
48.0
66.0
12.5
18.0
28.0
216.0
10.5
13.5
24.5
15.0
16.0
24.5
10.5
7.5
24.5
22.5
136.5
13.5
105.0
28.0
10.5
40.0
199.5
20.0
27.0
280.0
10.5
428.0
9.0
12.0
17.5
52.0
13.5
60.0
12.0
60.0
15.0
596.0
49.5
18.0
56.0
13.5
162.0
143.5
156.0
13.5
60.0
30.0
16.0
4.5
25.0
824.0
15.0
59.5
332.5
60.0
45.0
55.0
20.0
8.0
37.5
3.5
21.0
16.0
20.0
122.5
84.0
371.0
14.0
20.0
10.5
16.0
892.0
48.0
9.0
39.0
24.0
35.0
56.0
28.0
16.0
18.0
21.0
32.0
532.0
21.0
17.5
49.0
24.0
18.0
10.5
108.0
189.0
27.0
27.5
20.0
1140.0
208.0
296.0
35.0
13.5
4.0
30.0
28.0
308.0
252.0
24.0
20.0
15.0
80.0
20.0
12.0
16.0
180.0
7.0
1066.5
16.0
15.0
248.0
14.0
152.0
7.5
150.5
36.0
49.5
9.0
592.0
56.0
33.0
22.5
304.0
13.5
20.0
18.0
274.5
80.0
18.0
6.0
28.0
13.5
45.0
13.5
12.0
20.0
188.0
112.5
479.5
12.0
36.0
45.5
217.0
18.0
13.5
332.5
24.0
18.0
9.0
16.0
7.0
15.0
87.5
22.5
4.5
31.5
152.0
45.0
15.0
17.5
72.0
27.0
72.0
15.0
80.0
30.0
99.0
15.0
105.0
9.0
7.5
12.0
99.0
64.0
7.5
7.5
80.5
10.0
22.5
144.0
500.0
42.0
130.5
16.0
12.0
18.0
60.0
16.0
7.5
7.5
21.0
5.0
12.0
22.5
7.5
20.0
90.0
7.5
32.0
40.0
15.0
15.0
12.0
10.5
15.0
15.0
8.0
13.5
144.0
48.0
196.0
24.0
68.0
3.0
15.0
73.5
6.0
12.0
28.0
4.0
8.0
36.0
67.5
10.0
20.0
616.0
9.0
80.0
10.0
12.0
38.5
24.0
224.0
18.0
24.5
16.0
28.0
30.0
496.0
12.0
24.0
20.0
15.0
49.0
119.0
17.5
7.5
18.0
20.0
133.0
45.5
108.0
119.0
10.0
10.5
15.0
25.0
25.0
22.5
91.0
25.0
150.5
13.5
88.0
60.0
492.0
16.0
290.5
452.0
40.0
192.0
14.0
36.0
13.5
7.0
13.5
15.0
76.0
14.0
8.0
10.5
25.0
13.5
28.0
188.0
15.0
139.5
220.5
12.5
2968.0
72.0
94.5
14.0
27.0
22.5
10.5
67.5
4.5
15.0
25.0
15.0
180.0
7.0
13.5
126.0
24.5
12.0
66.5
13.5
213.5
63.0
90.0
13.5
20.0
212.0
20.0
228.0
10.5
13.5
15.0
7.5
10.5
45.5
12.0
13.5
28.0
21.0
296.0
265.5
16.0
60.0
15.0
955.5
66.0
12.0
332.0
18.0
10.0
20.0
12.0
12.0
20.0
8.0
16.0
68.0
138.0
178.5
5.0
48.0
31.5
30.0
8.0
32.0
12.0
30.0
14.0
424.0
35.0
21.0
15.0
0.0
30.0
20.0
15.0
129.5
117.0
21.0
22.5
42.0
10.5
980.0
52.0
20.0
9.0
31.5
147.0
13.5
10.0
21.0
35.0
25.0
7.0
17.5
50.0
18.0
15.0
7.5
7.5
17.5
9.0
15.0
10.5
25.0
238.0
18.0
10.0
544.5
22.5
5.0
30.0
3.5
10.0
12.0
10.5
66.5
17.5
15.0
17.5
10.0
13.5
60.0
24.5
14.0
13.5
7.5
157.5
18.0
7.0
25.0
15.0
12.0
81.0
345.0
15.0
10.5
12.5
6.0
45.5
20.0
70.0
15.0
7.5
12.0
68.0
85.5
17.5
18.0
20.0
14.0
12.0
6.0
15.0
24.5
12.0
12.0
7.5
21.0
4.0
45.5
20.0
100.0
336.0
7.5
28.0
15.0
67.5
18.0
13.5
21.0
9.0
13.5
8.0
17.5
14.0
52.0
15.0
18.0
14.0
8.0
10.0
7.0
35.0
55.0
44.0
3.0
252.0
15.0
1188.0
7.5
13.5
9.0
120.0
18.0
340.0
63.0
15.0
20.0
73.5
21.0
60.0
207.0
16.0
20.0
18.0
296.0
16.0
14.0
20.0
12.0
18.0
9.0
91.0
20.0
15.0
12.0
20.0
20.0
18.0
12.0
112.0
117.0
36.0
52.5
25.0
50.0
120.0
17.5
52.5
72.0
10.5
10.5
12.0
40.0
18.0
21.0
18.0
465.5
2.5
28.0
22.5
90.0
9.0
10.0
40.0
3.0
16.0
8.0
36.0
7.5
10.5
27.0
6.0
20.0
120.0
231.0
49.5
780.5
55.0
52.0
27.5
16.0
20.0
15.0
132.0
225.0
7.5
7.5
25.0
28.0
20.0
10.5
28.0
24.5
178.5
21.0
14.0
4.0
36.0
13.5
76.0
12.0
171.5
15.0
10.0
9.0
17.5
153.0
7.5
175.0
15.0
122.5
15.0
30.0
272.0
49.5
105.0
12.0
16.0
15.0
17.5
405.0
13.5
10.5
36.0
20.0
6.0
20.0
72.0
6.0
10.5
549.0
292.0
45.5
10.5
10.5
67.5
25.0
7.5
231.0
21.0
48.0
9.0
9.0
24.5
120.0
143.5
103.5
32.0
39.0
18.0
325.5
45.5
25.0
12.0
14.0
8.0
20.0
15.0
15.0
468.0
31.5
96.0
49.0
14.0
35.0
36.0
64.0
12.0
24.0
22.5
3.0
49.5
13.5
6.0
129.0
20.0
18.0
56.0
22.5
552.0
45.0
90.0
32.5
28.0
15.0
168.0
6.0
25.0
36.0
15.0
45.0
40.0
25.0
13.5
25.0
5.0
15.0
10.5
6.0
36.0
24.0
10.5
45.0
7.5
213.5
10.5
21.0
20.0
80.5
10.5
52.5
27.0
432.0
10.5
27.5
18.0
15.0
36.0
88.0
9.0
16.0
35.0
27.0
7.5
13.5
114.0
5.0
31.5
4.5
6.0
140.0
20.0
12.0
108.0
13.5
18.0
35.0
13.5
56.0
63.0
12.0
14.0
15.0
12.0
16.0
10.0
156.0
21.0
15.0
28.0
3.0
6.0
10.5
21.0
528.0
104.0
15.0
13.5
20.0
3.0
45.5
36.0
15.0
42.0
12.5
10.5
84.0
288.0
15.0
24.0
304.5
9.0
15.0
33.0
20.0
16.0
657.0
13.5
165.0
15.0
16.0
52.0
24.5
103.5
564.0
7.0
15.0
8.0
20.0
10.5
27.0
292.0
64.0
9.0
16.0
13.5
14.0
171.5
6.0
13.5
80.0
12.0
70.0
13.5
8.0
15.0
16.0
45.5
87.5
161.0
144.0
22.5
27.0
87.0
21.0
15.0
15.0
13.5
30.0
13.5
228.0
32.0
224.0
20.0
21.0
8.0
378.0
80.0
5.0
450.0
94.5
13.5
210.0
7.5
21.0
14.0
117.0
432.0
16.0
15.0
72.0
9.0
115.5
98.0
185.5
139.5
3.0
36.0
21.0
13.5
238.0
21.0
15.0
4.5
10.5
63.0
27.0
10.0
21.0
17.5
24.0
220.5
15.0
20.0
108.5
87.0
17.5
108.0
38.5
13.5
44.0
12.0
20.0
35.0
7.0
40.5
10.5
5.0
18.0
35.0
243.0
33.0
14.0
40.0
10.5
7.5
15.0
20.0
25.0
10.5
10.0
27.0
90.0
15.0
84.0
70.0
31.5
104.0
24.0
22.5
16.0
8.0
26.0
40.0
63.0
10.5
76.0
16.0
9.0
13.5
7.5
15.0
15.0
856.0
140.0
56.0
24.0
32.0
20.0
8.0
27.0
10.5
300.0
15.0
12.0
18.0
15.0
15.0
31.5
10.5
480.0
8.0
184.5
150.5
148.0
12.0
31.5
24.5
40.0
48.0
20.0
16.0
30.0
31.5
4.5
15.0
38.5
33.0
304.0
13.5
172.0
6.0
7.5
15.0
112.0
10.5
18.0
13.5
9.0
9.0
594.0
25.0
7.5
14.0
49.0
18.0
15.0
10.5
14.0
480.0
22.5
10.5
10.5
9.0
32.0
21.0
21.0
24.0
22.5
10.5
12.5
9.0
12.0
18.0
10.0
17.5
14.0
21.0
17.0
35.0
117.0
9.0
16.0
54.0
108.5
35.0
14.0
15.0
87.5
12.0
13.5
14.0
9.0
13.5
15.0
13.5
200.0
17.5
342.0
122.5
25.0
6.0
30.0
59.5
9.0
36.0
216.0
13.5
296.0
32.0
225.0
17.5
3.0
20.0
15.0
52.5
20.0
32.0
12.0
17.5
10.5
31.5
2392.0
116.0
528.0
7.5
752.0
30.0
119.0
52.0
400.0
24.0
596.0
36.0
21.0
9.0
22.5
30.0
128.0
15.0
96.0
8.0
486.5
20.0
45.0
7.0
22.5
220.5
24.5
21.0
126.0
465.5
36.0
14.0
81.0
76.0
10.5
33.0
10.0
91.0
216.0
12.0
16.0
28.0
27.0
15.0
10.5
12.0
20.0
27.0
14.0
10.0
16.0
12.0
144.0
75.0
12.0
13.5
24.0
112.5
10.5
18.0
225.0
476.0
122.5
72.0
36.0
12.0
15.0
178.5
12.0
7.5
12.0
104.0
10.5
10.0
32.0
45.0
32.0
7.5
5.0
13.5
10.5
7.0
28.0
99.0
7.5
1324.0
10.5
100.0
21.0
12.5
10.5
20.0
36.0
44.0
320.0
192.5
28.0
36.0
30.0
31.5
108.0
35.0
28.0
54.0
8.0
24.5
10.0
12.5
207.0
144.0
10.5
496.0
24.0
27.0
90.0
27.0
24.0
9.0
8.0
16.0
208.0
136.5
22.5
548.0
7.5
12.0
12.0
20.0
139.5
27.0
18.0
16.0
10.5
84.0
31.5
15.0
21.0
25.0
296.0
4.0
15.0
16.0
24.5
12.0
21.0
25.0
16.0
13.5
9.0
52.0
84.0
22.5
18.0
10.5
16.0
45.5
10.5
9.0
15.0
15.0
64.0
201.0
25.0
13.5
24.5
36.0
13.5
81.0
9.0
12.0
13.5
15.0
20.0
10.5
9.0
10.5
244.0
25.0
12.0
12.0
52.5
21.0
15.0
14.0
45.0
255.5
16.0
15.0
80.5
20.0
348.0
48.0
15.0
91.0
6.0
462.0
13.5
16.0
45.5
353.5
72.0
144.0
7.0
20.0
20.0
374.5
45.0
24.0
360.5
12.5
10.5
25.0
18.0
84.0
10.5
12.0
9.0
437.5
12.0
32.0
27.0
48.0
544.5
20.0
30.0
13.5
17.5
44.0
15.0
13.5
16.0
30.0
25.0
21.0
28.0
39.0
12.0
17.5
140.0
27.0
12.0
18.0
16.0
14.0
6.0
7.5
2.0
352.0
22.5
9.0
96.0
15.0
31.5
300.0
30.0
15.0
24.0
28.0
13.5
16.0
340.0
45.0
28.0
15.0
16.0
52.5
10.5
13.5
64.0
18.0
48.0
7.5
12.0
13.5
17.5
7.5
39.0
15.0
7.5
20.0
31.5
15.0
12.0
14.0
10.5
56.0
9.0
10.5
30.0
22.5
175.0
20.0
7.5
15.0
13.5
15.0
9.0
13.5
220.5
12.0
7.5
54.0
52.5
132.0
24.5
36.0
3.0
10.5
40.0
32.0
7.0
16.0
17.5
52.5
207.0
4.5
215.0
15.0
104.0
12.0
45.5
12.0
28.0
24.0
13.5
42.0
9.0
12.0
10.5
10.5
6.0
10.5
5.0
5.0
27.0
14.0
178.5
15.0
25.0
12.0
98.0
24.0
7.5
21.0
769.5
24.5
8.0
10.0
10.5
49.5
3.0
40.0
25.0
21.0
486.5
7.5
64.0
18.0
10.5
58.5
15.0
7.5
15.0
27.0
54.0
2.0
124.0
378.0
20.0
10.5
56.0
21.0
14.0
16.0
636.0
24.0
238.0
9.0
10.5
10.5
18.0
2407.5
12.0
15.0
388.0
3.0
42.5
48.0
15.0
24.0
14.0
69.0
1328.0
20.0
16.0
10.5
9.0
14.0
67.5
25.0
9.0
45.0
16.0
15.0
139.5
200.0
372.0
16.0
9.0
30.0
13.5
15.0
15.0
25.0
45.0
188.0
4.5
17.5
18.0
12.0
67.5
28.0
14.0
3.5
15.0
31.5
102.0
108.0
94.5
24.5
22.5
24.5
18.0
90.0
10.5
14.0
7.5
55.0
8.0
45.5
16.0
18.0
32.0
18.0
12.0
189.0
40.0
36.0
36.0
42.0
14.0
22.5
7.5
12.0
54.0
15.0
40.5
10.0
404.0
17.5
25.0
10.5
9.0
58.5
96.0
9.0
91.0
67.5
76.0
16.0
22.5
68.0
15.0
15.0
60.0
21.0
35.0
22.5
14.0
10.0
16.0
32.0
6.0
31.5
7.5
14.0
15.0
3.0
18.0
9.0
27.0
104.0
44.0
324.0
76.0
20.0
15.0
55.0
228.0
18.0
70.0
111.0
9.0
13.5
24.0
612.5
12.0
27.0
10.0
7.5
119.0
105.0
35.0
455.0
16.0
9.0
320.0
36.0
31.5
15.0
213.5
13.5
13.5
16.0
30.0
140.0
15.0
21.0
73.5
12.0
9.0
42.0
40.0
81.0
72.0
15.0
40.0
10.5
20.0
204.0
21.0
200.0
7.0
28.0
20.0
21.0
133.0
20.0
400.0
66.5
77.0
13.5
399.0
8.0
9.0
67.5
17.5
16.0
12.0
28.0
116.0
18.0
63.0
31.5
20.0
20.0
36.0
27.0
40.0
13.5
13.5
40.0
44.0
94.5
9.0
18.0
126.0
20.0
22.5
700.0
49.5
48.0
20.0
48.0
15.0
12.0
68.0
30.0
12.0
35.0
18.0
9.0
532.0
45.0
15.0
10.5
68.0
66.5
22.5
31.5
18.0
16.0
13.5
9.0
8.0
9.0
152.0
63.0
22.5
16.0
67.5
40.0
20.0
24.0
18.0
13.5
408.0
108.5
12.0
13.5
7.5
39.0
135.0
4.0
337.5
5.0
31.5
8.0
9.0
13.5
508.0
132.0
12.5
102.0
10.5
54.0
17.5
18.0
15.0
94.5
18.0
48.0
147.0
12.0
27.0
45.0
556.5
31.5
10.5
60.0
36.0
42.0
7.5
14.0
24.5
21.0
28.0
7.0
17.5
45.5
13.5
1724.0
296.0
10.5
4.0
6.0
52.5
114.0
36.0
7.5
10.5
60.0
122.5
36.0
20.0
28.0
103.5
10.5
20.0
25.0
20.0
20.0
15.0
227.5
28.0
378.0
6.0
12.0
10.5
10.0
7.5
20.0
228.0
18.0
36.0
15.0
24.0
9.0
81.0
536.0
15.0
20.0
13.5
13.5
7.5
21.0
10.5
6.0
24.0
27.0
2596.0
90.0
56.0
185.5
8.0
42.0
12.0
72.0
35.0
16.0
66.5
36.0
20.0
15.0
15.0
7.5
52.0
91.0
7.0
10.0
225.0
35.0
28.0
504.0
28.0
220.0
36.0
384.0
15.0
200.0
10.5
56.0
31.5
22.5
18.0
153.0
5.0
17.5
12.0
14.0
9.0
10.0
27.0
21.0
10.0
35.0
70.0
15.0
108.5
25.0
21.0
10.5
60.0
47.5
42.0
21.0
75.0
10.0
9.0
92.0
20.0
15.0
6.0
9.0
28.0
7.0
13.5
21.0
24.0
21.0
180.0
126.0
15.0
18.0
129.5
42.0
337.5
31.5
4.0
10.5
10.0
24.5
211.5
135.0
12.0
15.0
4.0
119.0
12.0
24.0
14.0
10.0
18.0
36.0
6.0
20.0
21.0
8.0
322.0
101.5
18.0
216.0
7.5
49.5
13.5
16.0
14.0
162.0
72.0
184.0
160.0
15.0
15.0
136.5
24.0
63.0
25.0
9.0
14.0
14.0
10.0
15.0
9.0
27.0
120.0
15.0
24.5
5.0
30.0
12.0
36.0
164.0
15.0
10.0
72.0
85.0
10.0
35.0
8.0
9.0
42.0
14.0
49.0
9.0
9.0
64.0
7.5
10.0
13.5
31.5
17.5
7.5
20.0
15.0
7.5
114.0
199.5
380.0
8.0
13.5
15.0
15.0
13.5
105.0
36.0
14.0
31.5
10.5
12.0
31.5
7.5
40.5
16.0
18.0
126.0
260.0
20.0
18.0
7.5
27.0
36.0
5.0
14.0
52.0
112.0
36.0
13.5
48.0
24.5
18.0
9.0
36.0
32.0
80.0
42.0
80.0
150.5
42.5
49.0
180.0
3.0
40.5
81.0
15.0
24.0
12.0
15.0
6.0
20.0
35.0
108.0
22.5
16.0
4.5
311.5
18.0
16.0
80.0
20.0
13.5
42.0
12.5
6.0
12.0
15.0
22.5
17.5
24.5
20.0
12.0
7.5
4.5
21.0
25.0
322.0
12.0
30.0
12.0
12.5
10.0
148.0
840.0
10.5
39.0
126.0
13.5
42.0
32.0
18.0
12.0
284.0
13.5
16.0
18.0
12.0
7.5
21.0
15.0
10.0
80.0
171.0
14.0
388.0
56.0
5.0
10.5
40.5
28.0
192.5
24.0
136.0
10.0
28.0
49.0
312.0
9.0
76.0
15.0
10.0
1040.0
9.0
10.0
24.0
10.5
340.0
15.0
300.0
21.0
9.0
2.5
6.0
7.5
64.0
20.0
16.0
20.0
15.0
45.0
24.0
36.0
27.0
13.5
148.0
7.5
20.0
13.5
42.5
7.5
292.5
25.0
10.5
14.0
140.0
36.0
10.5
22.5
52.0
12.0
235.0
15.0
7.5
13.5
6.0
18.0
36.0
15.0
175.0
31.5
7.5
9.0
14.0
682.5
160.0
28.0
94.5
12.0
48.0
10.5
13.5
9.0
8.0
42.0
40.0
15.0
13.5
141.0
21.0
200.0
10.5
7.5
31.5
22.5
59.5
6.0
13.5
156.0
17.5
31.5
27.0
28.0
94.5
13.5
245.0
36.0
3.0
48.0
124.0
15.0
56.0
18.0
20.0
288.0
337.5
100.0
17.5
16.0
70.0
7.5
12.0
7.5
10.5
12.0
10.0
12.0
35.0
70.0
30.0
12.0
45.5
9.0
18.0
67.5
7.0
20.0
13.5
12.5
72.0
105.0
15.0
21.0
147.0
18.0
20.0
30.0
85.5
35.0
14.0
283.5
236.0
12.0
16.0
15.0
10.5
15.0
16.0
13.5
20.0
329.0
823.5
13.5
12.0
3.0
9.0
196.0
13.5
91.0
10.5
17.5
5.0
15.0
12.0
266.0
42.0
24.5
22.5
132.0
144.0
60.0
68.0
12.0
32.0
28.0
12.0
7.5
20.0
64.0
117.0
20.0
5.0
20.0
12.0
59.5
12.0
172.0
96.0
412.0
35.0
3.0
10.5
42.0
240.0
20.0
17.5
21.0
35.0
20.0
15.0
15.0
7.5
18.0
56.0
7.0
318.0
432.0
57.0
18.0
108.0
10.5
7.5
15.0
18.0
31.5
49.5
139.5
48.0
18.0
84.0
9.0
24.5
25.0
22.5
40.0
31.5
3.0
15.0
6.0
24.0
20.0
31.5
13.5
216.0
20.0
12.0
10.5
47.5
135.0
15.0
13.5
60.0
20.0
21.0
129.5
126.0
38.5
17.5
16.0
6.0
10.0
27.0
164.5
24.5
27.0
13.5
12.0
15.0
24.0
13.5
207.0
17.5
10.5
64.0
84.0
63.0
88.0
12.5
54.0
17.5
15.0
153.0
4.5
3.5
12.0
480.0
12.5
15.0
9.0
14.0
30.0
16.0
24.5
30.0
12.0
10.0
36.0
1716.0
7.5
13.5
7.0
27.0
7.5
36.0
17.5
536.0
301.0
7.0
15.0
9.0
140.0
122.5
20.0
7.5
25.0
46.0
13.5
32.0
295.0
22.5
10.5
67.5
85.5
15.0
15.0
56.0
10.5
12.0
7.0
16.0
24.0
140.0
10.0
12.0
40.0
15.0
13.5
10.5
10.5
20.0
156.0
18.0
27.0
13.5
10.5
12.0
5.0
27.0
9.0
12.0
340.0
15.0
24.5
24.0
68.0
18.0
224.0
12.0
182.0
139.5
6.0
15.0
10.5
36.0
10.5
33.0
56.0
52.0
7.5
84.0
14.0
2.0
20.0
12.0
45.0
12.0
12.0
12.0
6.0
44.0
216.0
36.0
9.0
25.0
36.0
24.5
171.5
22.5
27.0
292.0
10.5
351.0
27.0
56.0
12.0
175.0
252.0
44.0
6.0
13.5
7.5
13.5
9.0
16.0
15.0
0.0
292.0
33.0
7.5
17.5
35.0
18.0
12.0
77.5
15.0
16.0
28.0
48.0
20.0
66.5
12.0
87.0
67.5
15.0
87.5
35.0
55.0
7.5
35.0
675.5
22.5
101.5
20.0
25.0
12.0
5.0
15.0
135.0
10.5
24.5
17.5
18.0
20.0
16.0
73.5
176.0
12.5
15.0
10.5
5.0
6.0
6.0
20.0
24.0
40.0
12.0
420.0
27.0
16.0
12.0
224.0
33.0
183.0
4.0
15.0
180.0
178.5
31.5
24.0
15.0
40.0
15.0
12.0
122.5
10.0
12.5
22.5
20.0
13.5
65.0
198.0
159.0
100.0
456.0
2.5
84.0
94.5
296.0
20.0
20.0
388.5
10.5
352.0
49.5
14.0
180.0
28.0
9.0
15.0
4.0
24.0
252.0
60.0
256.0
12.0
10.0
10.5
18.0
123.0
176.0
72.0
24.0
8.0
27.0
10.0
15.0
15.0
17.5
28.0
13.5
36.0
92.0
24.0
9.0
122.5
27.0
10.5
21.0
272.0
213.5
15.0
17.5
32.5
141.0
20.0
129.5
104.0
280.0
15.0
17.5
329.0
12.5
13.5
93.0
10.5
857.5
28.0
644.0
36.0
49.5
39.0
12.0
25.0
36.0
12.0
16.0
20.0
52.0
211.5
13.5
73.5
25.0
9.0
27.0
262.5
91.0
140.0
12.0
294.0
92.0
217.0
31.5
976.0
12.0
20.0
16.0
36.0
88.0
42.0
66.5
36.0
94.5
22.5
6.0
56.0
16.0
24.5
84.0
10.5
81.0
25.0
20.0
6.0
14.0
231.0
24.0
72.0
8.0
105.0
220.0
27.0
31.5
45.5
16.0
18.0
540.0
388.0
12.0
184.5
9.0
15.0
196.0
20.0
18.0
20.0
5.0
14.0
168.0
16.0
3.0
7.5
13.5
80.0
90.0
64.0
10.5
59.5
31.5
114.0
20.0
15.0
13.5
15.0
180.0
9.0
66.5
45.0
49.5
15.0
12.0
5.0
18.0
24.5
144.0
136.5
27.0
15.0
57.0
30.0
7.5
27.0
55.0
12.0
7.5
3.0
16.0
15.0
453.0
9.0
13.5
39.0
536.0
16.0
10.5
27.0
14.0
58.5
101.5
15.0
15.0
17.5
13.5
98.0
16.0
20.0
6.0
28.0
15.0
36.0
10.0
81.0
85.5
13.5
36.0
18.0
152.0
16.0
13.5
13.5
98.0
81.0
10.5
75.0
27.0
49.0
44.0
40.0
130.5
9.0
45.5
45.5
24.0
40.0
20.0
15.0
7.5
27.0
18.0
21.0
15.0
40.0
15.0
28.0
27.0
27.5
36.0
292.0
21.0
28.0
10.5
3.0
9.0
21.0
36.0
6.0
9.0
37.5
15.0
20.0
67.5
12.0
479.5
18.0
10.5
10.5
15.0
20.0
13.5
16.0
248.0
136.0
15.0
10.5
184.0
135.0
124.0
7.5
24.5
21.0
6.0
5.0
15.0
40.0
38.5
25.0
16.0
15.0
12.0
17.5
13.5
8.0
20.0
13.5
198.0
84.0
276.5
94.5
12.0
10.5
42.0
24.0
20.0
13.5
344.0
64.0
40.0
16.0
36.0
344.0
15.0
31.5
4.0
20.0
15.0
35.0
67.5
66.0
17.5
14.0
12.0
24.0
288.0
13.5
20.0
13.5
28.0
20.0
17.5
36.0
98.0
6.0
16.0
6.0
40.0
27.0
64.0
12.0
45.0
30.0
9.0
12.0
20.0
132.5
304.5
15.0
22.5
6.0
256.0
10.0
52.5
90.0
20.0
10.5
3.0
355.5
12.5
28.0
232.0
6.0
50.0
54.0
20.0
12.0
8.0
7.0
12.0
10.0
18.0
12.0
22.5
269.5
192.5
38.5
6.0
234.0
37.5
31.5
18.0
312.0
148.5
24.0
4.0
4.5
96.0
87.5
420.0
15.0
13.5
16.0
126.0
17.5
64.0
5.0
114.0
7.5
9.0
15.0
21.0
10.5
20.0
13.5
25.0
148.0
7.5
22.5
12.0
8.0
4.5
9.0
28.0
10.5
7.5
88.0
1165.5
45.0
10.5
18.0
13.5
13.5
183.0
30.0
87.5
21.0
1092.0
31.5
7.5
7.5
12.0
4.5
14.0
30.0
18.0
98.0
17.5
16.0
15.0
3.0
17.5
5.0
17.5
9.0
20.0
4.0
20.0
300.0
24.0
6.0
10.5
247.5
10.0
7.5
77.0
18.0
5.0
121.5
9.0
7.0
18.0
189.0
9.0
13.5
13.5
28.0
15.0
14.0
256.0
59.5
13.5
9.0
24.0
52.0
7.0
17.5
20.0
60.0
64.0
10.0
9.0
105.0
692.0
9.0
130.5
12.0
21.0
124.0
14.0
18.0
36.0
25.0
202.5
10.5
12.0
180.0
27.0
25.0
21.0
30.0
18.0
12.0
44.0
13.5
96.0
70.0
16.0
15.0
94.5
35.0
16.0
7.5
13.5
22.5
56.0
10.5
420.0
15.0
6.0
1039.5
13.5
7.5
268.0
36.0
292.0
16.0
27.0
20.0
172.5
450.0
25.0
20.0
85.0
121.5
20.0
14.0
17.5
7.0
12.0
102.0
177.0
80.0
8.0
12.0
36.0
350.0
15.0
27.0
4.0
12.0
13.5
35.0
14.0
266.0
12.0
40.5
10.5
14.0
18.0
27.0
20.0
48.0
28.0
10.0
36.0
17.5
42.0
132.0
28.0
15.0
28.0
24.5
15.0
141.0
20.0
10.5
10.5
10.5
112.0
27.0
28.0
32.0
10.5
20.0
27.0
10.0
9.0
32.0
126.0
20.0
13.5
30.0
28.0
241.5
712.0
30.0
104.0
64.0
68.0
7.5
15.0
3.0
21.0
6.0
9.0
212.0
20.0
35.0
6.0
21.0
27.0
21.0
20.0
28.0
227.5
10.5
20.0
15.0
35.0
24.0
60.0
7.5
4.5
9.0
13.5
132.0
4.5
20.0
356.0
12.5
628.0
17.5
69.0
24.5
33.0
7.5
122.5
12.0
15.0
14.0
88.0
172.0
4.5
128.0
6.0
495.0
22.5
9.0
16.0
27.0
24.0
16.0
12.5
9.0
96.0
80.5
15.0
31.5
59.5
10.5
27.0
10.5
12.0
12.0
90.0
60.0
21.0
40.0
580.0
144.0
7.5
16.0
20.0
10.5
10.5
14.0
20.0
520.0
140.0
16.0
35.0
9.0
6.0
15.0
42.0
28.0
20.0
12.0
66.0
32.0
1012.0
21.0
16.0
31.5
16.0
10.5
4.0
13.5
13.5
45.5
5.0
16.0
35.0
126.0
54.0
7.0
4.0
22.5
20.0
6.0
94.5
72.0
22.5
16.0
35.0
7.5
63.0
91.0
268.0
14.0
90.0
20.0
9.0
10.5
7.5
10.0
17.5
40.0
350.0
13.5
10.5
14.0
15.0
18.0
22.5
52.0
108.0
5.0
820.0
7.5
27.0
18.0
70.0
28.0
18.0
13.5
912.0
10.5
330.0
20.0
180.0
17.5
12.5
241.5
12.0
24.5
12.0
12.0
6.0
13.5
352.0
35.0
184.0
7.5
10.5
16.0
20.0
189.0
10.5
13.5
24.0
28.0
35.0
3.0
18.0
22.5
22.5
13.5
135.0
115.5
7.5
15.0
12.5
20.0
22.5
6.0
63.0
12.0
31.5
52.5
15.0
12.0
10.5
42.0
14.0
7.5
132.0
14.0
10.5
35.0
36.0
63.0
20.0
22.5
22.5
10.5
20.0
36.0
4.5
20.0
20.0
10.5
12.0
13.5
9.0
15.0
68.0
63.0
24.5
24.5
21.0
7.5
15.0
15.0
31.5
7.0
20.0
24.0
94.5
15.0
21.0
24.5
59.5
5.0
128.0
104.0
9.0
68.0
21.0
176.0
20.0
15.0
15.0
18.0
332.5
24.0
7.0
18.0
14.0
90.0
13.5
12.0
49.5
27.0
10.0
27.0
28.0
10.5
108.5
20.0
16.0
9.0
73.5
10.5
180.0
14.0
42.0
376.0
21.0
17.5
9.0
6.0
18.0
87.5
13.5
15.0
54.0
27.0
14.0
28.0
28.0
10.0
16.0
21.0
39.0
15.0
22.5
22.5
20.0
6.0
12.0
13.5
15.0
20.0
72.0
25.0
10.5
56.0
25.0
35.0
15.0
12.5
39.0
9.0
18.0
56.0
98.0
15.0
10.5
9.0
17.5
25.0
15.0
15.0
12.0
7.5
42.0
27.0
18.0
388.0
15.0
32.0
45.5
13.5
80.0
25.0
18.0
22.5
12.0
240.0
10.5
50.0
12.0
7.0
7.5
15.0
119.0
6.0
290.5
77.0
175.5
15.0
24.5
25.0
119.0
28.0
58.5
12.0
